236.091  0.001
249.134  0.022
261.692  0.075
267.247  0.158
271.794  0.230
277.873  0.356
283.451  0.486
289.049  0.654
292.633  0.803
295.693  0.908
300.743  0.981
307.269  1.001
314.276  0.981
319.753  0.908
321.225  0.843
324.205  0.789
327.666  0.694
332.628  0.592
336.088  0.496
340.052  0.404
346.516  0.299
355.488  0.198
368.484  0.126
384.507  0.092
402.041  0.072
428.607  0.070
462.195  0.079
491.271  0.085
515.831  0.082
547.400  0.063
574.957  0.039
600.506  0.010
