  1.0000000e+000  0.0000000e+000
  2.0000000e+000  0.0000000e+000
  3.0000000e+000  0.0000000e+000
  4.0000000e+000  0.0000000e+000
  5.0000000e+000  0.0000000e+000
  6.0000000e+000  0.0000000e+000
  7.0000000e+000  3.0731385e-266
  8.0000000e+000  2.0591258e-179
  9.0000000e+000  7.2010821e-131
  1.0000000e+001  1.6209219e-098
  1.1000000e+001  1.0201135e-073
  1.2000000e+001  2.5022988e-056
  1.3000000e+001  1.3070376e-043
  1.4000000e+001  3.4128367e-034
  1.5000000e+001  3.0605207e-027
  1.6000000e+001  1.0130903e-021
  1.7000000e+001  2.1076241e-017
  1.8000000e+001  5.8362249e-014
  1.9000000e+001  3.1882818e-011
  2.0000000e+001  4.9688354e-009
  2.1000000e+001  3.3506225e-007
  2.2000000e+001  1.1646223e-005
  2.3000000e+001  2.0158221e-004
  2.4000000e+001  2.4061615e-003
  2.5000000e+001  1.7790469e-002
  2.6000000e+001  9.5739256e-002
  2.7000000e+001  4.6658239e-001
  2.8000000e+001  1.5443345e+000
  2.9000000e+001  4.6259382e+000
  3.0000000e+001  1.2622261e+001
  3.1000000e+001  2.7493705e+001
  3.2000000e+001  5.4441014e+001
  3.3000000e+001  1.0363977e+002
  3.4000000e+001  1.8609125e+002
  3.5000000e+001  2.8751005e+002
  3.6000000e+001  4.4370001e+002
  3.7000000e+001  6.8560670e+002
  3.8000000e+001  9.2590636e+002
  3.9000000e+001  1.2544036e+003
  4.0000000e+001  1.6223948e+003
  4.1000000e+001  2.0679340e+003
  4.2000000e+001  2.6232107e+003
  4.3000000e+001  3.0502106e+003
  4.4000000e+001  3.8177313e+003
  4.5000000e+001  4.1923963e+003
  4.6000000e+001  4.9303071e+003
  4.7000000e+001  5.3349708e+003
  4.8000000e+001  6.0293094e+003
  4.9000000e+001  7.0048601e+003
  5.0000000e+001  7.6990956e+003
  5.1000000e+001  8.3248291e+003
  5.2000000e+001  8.3754596e+003
  5.3000000e+001  9.1196420e+003
  5.4000000e+001  9.0963644e+003
  5.5000000e+001  1.0219421e+004
  5.6000000e+001  1.0250597e+004
  5.7000000e+001  1.0693935e+004
  5.8000000e+001  2.6340609e+004
  5.9000000e+001  3.9604031e+004
  6.0000000e+001  1.1676692e+004
  6.1000000e+001  1.2261176e+004
  6.2000000e+001  1.2324835e+004
  6.3000000e+001  1.3383118e+004
  6.4000000e+001  1.1499709e+004
  6.5000000e+001  1.3375802e+004
  6.6000000e+001  1.3440202e+004
  6.7000000e+001  2.8148031e+004
  6.8000000e+001  1.3075384e+004
  6.9000000e+001  1.7789225e+004
  7.0000000e+001  1.2350692e+004
  7.1000000e+001  1.1631170e+004
  7.2000000e+001  1.1721577e+004
  7.3000000e+001  1.1057176e+004
  7.4000000e+001  1.0648510e+004
  7.5000000e+001  1.1452650e+004
  7.6000000e+001  1.1083465e+004
  7.7000000e+001  1.0507439e+004
  7.8000000e+001  1.2002795e+004
  7.9000000e+001  1.1759916e+004
  8.0000000e+001  1.0748294e+004
  8.1000000e+001  1.0231455e+004
  8.2000000e+001  1.1324687e+004
  8.3000000e+001  1.0418818e+004
  8.4000000e+001  1.0637317e+004
  8.5000000e+001  1.0582463e+004
  8.6000000e+001  9.8738273e+003
  8.7000000e+001  1.0172159e+004
  8.8000000e+001  9.3549631e+003
  8.9000000e+001  7.7357209e+003
  9.0000000e+001  7.3587924e+003
  9.1000000e+001  7.8018249e+003
  9.2000000e+001  8.4674798e+003
  9.3000000e+001  7.0795273e+003
  9.4000000e+001  6.8511774e+003
  9.5000000e+001  7.4803136e+003
  9.6000000e+001  6.8284978e+003
  9.7000000e+001  7.0038313e+003
  9.8000000e+001  6.9101206e+003
  9.9000000e+001  6.5781022e+003
  1.0000000e+002  6.5925006e+003
  1.0100000e+002  6.5645519e+003
  1.0200000e+002  6.7743630e+003
  1.0300000e+002  5.4189245e+003
  1.0400000e+002  5.5794741e+003
  1.0500000e+002  6.5542140e+003
  1.0600000e+002  6.5170556e+003
  1.0700000e+002  5.8994624e+003
  1.0800000e+002  5.2732345e+003
  1.0900000e+002  6.2250638e+003
  1.1000000e+002  5.6326036e+003
  1.1100000e+002  5.2430191e+003
  1.1200000e+002  4.5504310e+003
  1.1300000e+002  4.5333309e+003
  1.1400000e+002  4.8162545e+003
  1.1500000e+002  4.3234871e+003
  1.1600000e+002  4.3894961e+003
  1.1700000e+002  4.8928987e+003
  1.1800000e+002  3.8634718e+003
  1.1900000e+002  3.2649287e+003
  1.2000000e+002  3.9454809e+003
  1.2100000e+002  3.3850613e+003
  1.2200000e+002  4.2956536e+003
  1.2300000e+002  3.4160080e+003
  1.2400000e+002  2.6186432e+003
  1.2500000e+002  3.0379402e+003
  1.2600000e+002  3.0965141e+003
  1.2700000e+002  2.5149700e+003
  1.2800000e+002  3.1221377e+003
  1.2900000e+002  1.8901125e+003
  1.3000000e+002  2.0826405e+003
  1.3100000e+002  2.4160348e+003
  1.3200000e+002  1.6790018e+003
  1.3300000e+002  2.5747504e+003
  1.3400000e+002  2.0205074e+003
  1.3500000e+002  1.8391365e+003
  1.3600000e+002  1.6091097e+003
  1.3700000e+002  2.3271678e+003
  1.3800000e+002  1.2390824e+003
  1.3900000e+002  1.3389875e+003
  1.4000000e+002  1.0555708e+003
  1.4100000e+002  7.2208723e+002
  1.4200000e+002  8.6936189e+002
  1.4300000e+002  1.1628285e+003
  1.4400000e+002  7.7768614e+002
  1.4500000e+002  5.3633625e+002
  1.4600000e+002  6.3579123e+002
  1.4700000e+002  2.4528325e+002
  1.4800000e+002  2.4601993e+002
  1.4900000e+002  0.0000000e+000
  1.5000000e+002  0.0000000e+000
