0 0
1 0.00159
2 0.0283
3 0.1565
4 0.51629
5 1.20358
6 2.23538
7 3.60537
8 5.34669
9 7.52862
10 10.2087
11 13.3691
12 16.8939
13 20.6065
14 24.3478
15 28.0305
16 31.6038
17 35.0295
18 38.2794
19 41.286
20 43.9598
21 46.2438
22 48.0788
23 49.4023
24 50.2071
25 50.5237
26 50.357
27 49.6967
28 48.5342
29 46.9167
30 44.9293
31 42.6408
32 40.1041
33 37.3795
34 34.5065
35 31.4781
36 28.2685
37 24.9123
38 21.5069
39 18.1359
40 14.8582
41 11.7116
42 8.75713
43 6.0536
44 3.59535
45 1.36568
46 -0.64248
47 -2.4215
48 -3.97511
49 -5.33679
50 -6.53315
51 -7.58663
52 -8.4876
53 -9.1959
54 -9.66881
55 -9.89624
56 -9.91883
57 -9.80749
58 -9.63354
59 -9.4071
60 -9.09209
61 -8.65688
62 -8.08363
63 -7.40281
64 -6.66486
65 -5.88094
66 -5.07239
67 -4.282
68 -3.53859
69 -2.85013
70 -2.19865
71 -1.5479
72 -0.85135
73 -0.12233
74 0.5794
75 1.21205
76 1.73987
77 2.13008
78 2.34833
79 2.42012
80 2.36753
81 2.15807
82 1.7665
83 1.1972
84 0.46988
85 -0.40846
86 -1.42601
87 -2.55623
88 -3.7781
89 -5.07429
90 -6.44109
91 -7.85517
92 -9.23492
93 -10.4993
94 -11.6293
95 -12.6235
96 -13.4671
97 -14.1651
98 -14.7341
99 -15.188
100 -15.5495
101 -15.8233
102 -16.0026
103 -16.1084
104 -16.1304
105 -16.0535
106 -15.8766
107 -15.621
108 -15.3235
109 -14.9943
110 -14.6466
111 -14.2915
112 -13.9309
113 -13.5825
114 -13.2555
115 -12.932
116 -12.6037
117 -12.274
118 -11.9487
119 -11.6408
120 -11.3601
121 -11.1008
122 -10.8671
123 -10.6647
124 -10.489
125 -10.3318
126 -10.1987
127 -10.0678
128 -9.92237
129 -9.76522
130 -9.60388
131 -9.43753
132 -9.23115
133 -8.96623
134 -8.64932
135 -8.30348
136 -7.9516
137 -7.60399
138 -7.26584
139 -6.94793
140 -6.66035
141 -6.40842
142 -6.19102
143 -5.98982
144 -5.77334
145 -5.53872
146 -5.2932
147 -5.04816
148 -4.81898
149 -4.61199
150 -4.43283
151 -4.28246
152 -4.14403
153 -4.01215
154 -3.89371
155 -3.79175
156 -3.71498
157 -3.66433
158 -3.64461
159 -3.65702
160 -3.69798
161 -3.76179
162 -3.82583
163 -3.87917
164 -3.92071
165 -3.9575
166 -3.99145
167 -4.0231
168 -4.03826
169 -4.02222
170 -3.9845
171 -3.93184
172 -3.87129
173 -3.81294
174 -3.75558
175 -3.70846
176 -3.67166
177 -3.64642
178 -3.6303
179 -3.60191
180 -3.55313
181 -3.48913
182 -3.41098
183 -3.32803
184 -3.24654
185 -3.16802
186 -3.09769
187 -3.03921
188 -2.98962
189 -2.9493
190 -2.92184
191 -2.90509
192 -2.90269
193 -2.91197
194 -2.92765
195 -2.95106
196 -2.97905
197 -3.01213
198 -3.04582
199 -3.0765
200 -3.10556
201 -3.13105
202 -3.14995
203 -3.14323
204 -3.09535
205 -3.01551
206 -2.91195
207 -2.79081
208 -2.65857
209 -2.52047
210 -2.38175
211 -2.24791
212 -2.12137
213 -2.00427
214 -1.89849
215 -1.80466
216 -1.72632
217 -1.66232
218 -1.6115
219 -1.57332
220 -1.54546
221 -1.52708
222 -1.51876
223 -1.51777
224 -1.52391
225 -1.53576
226 -1.55061
227 -1.56948
228 -1.59128
229 -1.61434
230 -1.63769
231 -1.65945
232 -1.68072
233 -1.69937
234 -1.71562
235 -1.72792
236 -1.73529
237 -1.73854
238 -1.73703
239 -1.73019
240 -1.71825
241 -1.7008
242 -1.67764
243 -1.64988
244 -1.61853
245 -1.58201
246 -1.5428
247 -1.5013
248 -1.45712
249 -1.40988
250 -1.35922
251 -1.30635
252 -1.25129
253 -1.19859
254 -1.14654
255 -1.09284
256 -1.03846
257 -0.98516
258 -0.93334
259 -0.8856
260 -0.84234
261 -0.80302
262 -0.76483
263 -0.72669
264 -0.69197
265 -0.65849
266 -0.62788
267 -0.60215
268 -0.57907
269 -0.5571
270 -0.53973
271 -0.5245
272 -0.50865
273 -0.49423
274 -0.48348
275 -0.47398
276 -0.46571
277 -0.45628
278 -0.44778
279 -0.44107
280 -0.43497
281 -0.42806
282 -0.42315
283 -0.41933
284 -0.41551
285 -0.40954
286 -0.40229
287 -0.39609
288 -0.3897
289 -0.38402
290 -0.37437
291 -0.36652
292 -0.36064
293 -0.35176
294 -0.34382
295 -0.33445
296 -0.326
297 -0.3185
298 -0.30958
299 -0.30026
300 -0.28961
301 -0.2779
302 -0.26741
303 -0.25688
304 -0.24871
305 -0.24062
306 -0.23137
307 -0.22238
308 -0.21147
309 -0.20194
310 -0.19272
311 -0.18506
312 -0.17756
313 -0.16921
314 -0.16219
315 -0.15663
316 -0.14923
317 -0.14331
318 -0.13654
319 -0.1291
320 -0.12189
321 -0.11734
322 -0.1143
323 -0.11036
324 -0.10669
325 -0.10428
326 -0.10199
327 -0.09654
328 -0.09471
329 -0.09301
330 -0.09142
331 -0.08874
332 -0.08723
333 -0.08584
334 -0.08328
335 -0.08192
336 -0.08062
337 -0.0793
338 -0.07805
339 -0.07675
340 -0.07207
341 -0.06969
342 -0.06844
343 -0.06601
344 -0.06357
345 -0.06226
346 -0.06094
347 -0.05963
348 -0.05828
349 -0.05577
350 -0.05437
351 -0.05299
352 -0.05046
353 -0.04793
354 -0.04652
355 -0.04516
356 -0.04383
357 -0.04254
358 -0.04134
359 -0.04013
360 -0.03897
361 -0.0378
362 -0.0367
363 -0.03446
364 -0.03343
365 -0.03238
366 -0.0314
367 -0.03045
368 -0.02962
369 -0.02877
370 -0.02798
371 -0.02721
372 -0.02648
373 -0.02576
374 -0.02507
375 -0.02332
376 -0.02273
377 -0.02221
378 -0.02169
379 -0.02123
380 -0.01853
381 -0.01816
382 -0.0178
383 -0.01746
384 -0.01711
385 -0.01676
386 -0.01641
387 -0.01607
388 -0.01575
389 -0.0154
390 -0.01508
391 -0.01364
392 -0.01224
393 -0.01198
394 -0.01174
395 -0.0115
396 -0.01125
397 -0.011
398 -0.01077
399 -0.01054
400 -0.00918
401 -0.00897
402 -0.00876
403 -0.00855
404 -0.00833
405 -0.00813
406 -0.0079
407 -0.00769
408 -0.00747
409 -0.00729
410 -0.00595
411 -0.00579
412 -0.00563
413 -0.00547
414 -0.00531
415 -0.00517
416 -0.00391
417 -0.00381
418 -0.00373
419 -0.00364
420 -0.00355
421 -0.00346
422 -0.00338
423 -0.00329
424 -0.0032
425 -0.00311
426 -0.00304
427 -0.00184
428 -0.00179
429 -0.00175
430 -0.0017
431 -0.00166
432 -0.00162
433 -0.00159
434 -0.00155
435 -0.00152
436 -0.00149
437 -0.00146
438 -0.00143
439 -0.00141
440 -0.00139
441 -0.00137
442 -0.00135
443 -0.00133
444 -0.00131
445 -0.00128
446 -0.00126
447 -0.00123
448 -0.0012
449 -0.00117
450 -0.00115
451 0
452 0
453 0
454 0
455 0
456 0
457 0
458 0
459 0
460 0
461 0
462 0
463 0
464 0
465 0
466 0
467 0
468 0
469 0
470 0
471 0
472 0
473 0
474 0
475 0
476 0
477 0
478 0
479 0
480 0
481 0
482 0
483 0
484 0
485 0
486 0
487 0
488 0
489 0
490 0
491 0
492 0
493 0
494 0
495 0
496 0
497 0
498 0
499 0
500 0
501 0
502 0
503 0
504 0
505 0
506 0
507 0
508 0
509 0
510 0
511 0
512 0
513 0
514 0
515 0
516 0
517 0
518 0
519 0
520 0
521 0
522 0
523 0
524 0
525 0
526 0
527 0
528 0
529 0
530 0
531 0
532 0
533 0
534 0
535 0
536 0
537 0
538 0
539 0
540 0
541 0
542 0
543 0
544 0
545 0
546 0
547 0
548 0
549 0
550 0
551 0
552 0
553 0
554 0
555 0
556 0
557 0
558 0
559 0
560 0
561 0
562 0
563 0
564 0
565 0
566 0
567 0
568 0
569 0
570 0
571 0
572 0
573 0
574 0
575 0
576 0
577 0
578 0
579 0
580 0
581 0
582 0
583 0
584 0
585 0
586 0
587 0
588 0
589 0
590 0
591 0
592 0
593 0
594 0
595 0
596 0
597 0
598 0
599 0
600 0
601 0
602 0
603 0
604 0
605 0
606 0
607 0
608 0
609 0
610 0
611 0
612 0
613 0
614 0
615 0
616 0
617 0
618 0
619 0
620 0
621 0
622 0
623 0
624 0
625 0
626 0
627 0
628 0
629 0
630 0
631 0
632 0
633 0
634 0
635 0
636 0
637 0
638 0
639 0
640 0
641 0
642 0
643 0
644 0
645 0
646 0
647 0
648 0
649 0
650 0
651 0
652 0
653 0
654 0
655 0
656 0
657 0
658 0
659 0
660 0
661 0
662 0
663 0
664 0
665 0
666 0
667 0
668 0
669 0
670 0
671 0
672 0
673 0
674 0
675 0
676 0
677 0
678 0
679 0
680 0
681 0
682 0
683 0
684 0
685 0
686 0
687 0
688 0
689 0
690 0
691 0
692 0
693 0
694 0
695 0
696 0
697 0
698 0
699 0
700 0
701 0
702 0
703 0
704 0
705 0
706 0
707 0
708 0
709 0
710 0
711 0
712 0
713 0
714 0
715 0
716 0
717 0
718 0
719 0
720 0
721 0
722 0
723 0
724 0
725 0
726 0
727 0
728 0
729 0
730 0
731 0
732 0
733 0
734 0
735 0
736 0
737 0
738 0
739 0
740 0
741 0
742 0
743 0
744 0
745 0
746 0
747 0
748 0
749 0
750 0
