0 0
1 0.00159
2 0.02989
3 0.1848
4 0.67438
5 1.7434
6 3.51374
7 5.95368
8 9.04982
9 12.8149
10 17.1441
11 21.8962
12 27.0155
13 32.4575
14 38.1492
15 43.9376
16 49.6805
17 55.3967
18 61.1062
19 66.6971
20 71.9521
21 76.6374
22 80.5849
23 83.6925
24 85.9178
25 87.3229
26 88.0426
27 88.1281
28 87.5437
29 86.1972
30 84.0013
31 81.0494
32 77.4167
33 73.1635
34 68.3741
35 63.0969
36 57.381
37 51.3359
38 45.1169
39 38.8647
40 32.6641
41 26.5427
42 20.5093
43 14.6055
44 8.86916
45 3.34275
46 -1.97185
47 -7.02171
48 -11.6953
49 -15.8741
50 -19.5086
51 -22.5992
52 -25.1302
53 -27.1204
54 -28.6001
55 -29.618
56 -30.2295
57 -30.5009
58 -30.4751
59 -30.1869
60 -29.6233
61 -28.7505
62 -27.6036
63 -26.221
64 -24.6882
65 -23.1211
66 -21.5666
67 -20.0511
68 -18.5775
69 -17.1508
70 -15.7349
71 -14.2692
72 -12.74
73 -11.1954
74 -9.70716
75 -8.33944
76 -7.16821
77 -6.2291
78 -5.56451
79 -5.16258
80 -4.98258
81 -4.99088
82 -5.11841
83 -5.31093
84 -5.55956
85 -5.85094
86 -6.19717
87 -6.62129
88 -7.1123
89 -7.6504
90 -8.19235
91 -8.72819
92 -9.2602
93 -9.77916
94 -10.3077
95 -10.8882
96 -11.5351
97 -12.2423
98 -12.9899
99 -13.7687
100 -14.5653
101 -15.3739
102 -16.1711
103 -16.9776
104 -17.7784
105 -18.563
106 -19.325
107 -20.0484
108 -20.7255
109 -21.332
110 -21.8337
111 -22.2128
112 -22.4658
113 -22.5938
114 -22.5997
115 -22.4933
116 -22.2699
117 -21.9107
118 -21.4245
119 -20.8437
120 -20.1716
121 -19.4176
122 -18.5949
123 -17.7149
124 -16.8085
125 -15.8885
126 -14.9606
127 -14.039
128 -13.1555
129 -12.3306
130 -11.576
131 -10.9093
132 -10.33
133 -9.84693
134 -9.45169
135 -9.1495
136 -8.93185
137 -8.79246
138 -8.73324
139 -8.73579
140 -8.7755
141 -8.83382
142 -8.89825
143 -8.97647
144 -9.06535
145 -9.14194
146 -9.19276
147 -9.21988
148 -9.22933
149 -9.22402
150 -9.21157
151 -9.19665
152 -9.17375
153 -9.11049
154 -8.97909
155 -8.7841
156 -8.55045
157 -8.29174
158 -8.02398
159 -7.75322
160 -7.48887
161 -7.23868
162 -7.00404
163 -6.78973
164 -6.60077
165 -6.43926
166 -6.30646
167 -6.19671
168 -6.1104
169 -6.04844
170 -6.00543
171 -5.98001
172 -5.96525
173 -5.95834
174 -5.96017
175 -5.96824
176 -5.97614
177 -5.9827
178 -5.98729
179 -5.98841
180 -5.98463
181 -5.97424
182 -5.95521
183 -5.92834
184 -5.89202
185 -5.84271
186 -5.7603
187 -5.63212
188 -5.46713
189 -5.27428
190 -5.0627
191 -4.83742
192 -4.60299
193 -4.36879
194 -4.14069
195 -3.91847
196 -3.7101
197 -3.51624
198 -3.31865
199 -3.0826
200 -2.78203
201 -2.42288
202 -2.02877
203 -1.62106
204 -1.21887
205 -0.83656
206 -0.48512
207 -0.15728
208 0.15039
209 0.42965
210 0.66743
211 0.85128
212 0.97854
213 1.04699
214 1.07586
215 1.07925
216 1.05593
217 1.00163
218 0.91293
219 0.79079
220 0.63427
221 0.44523
222 0.22686
223 -0.01848
224 -0.28476
225 -0.57027
226 -0.86932
227 -1.17699
228 -1.48524
229 -1.79312
230 -2.09433
231 -2.38154
232 -2.65063
233 -2.89787
234 -3.12119
235 -3.31979
236 -3.49195
237 -3.63277
238 -3.74304
239 -3.82408
240 -3.87459
241 -3.89726
242 -3.89266
243 -3.86412
244 -3.81203
245 -3.73669
246 -3.64003
247 -3.52615
248 -3.39921
249 -3.25848
250 -3.10591
251 -2.94234
252 -2.76917
253 -2.59162
254 -2.41729
255 -2.24744
256 -2.07384
257 -1.90786
258 -1.75495
259 -1.60569
260 -1.46138
261 -1.3286
262 -1.20617
263 -1.09974
264 -1.00075
265 -0.90583
266 -0.82726
267 -0.76207
268 -0.71103
269 -0.66986
270 -0.63651
271 -0.61113
272 -0.59282
273 -0.57816
274 -0.56842
275 -0.56881
276 -0.57552
277 -0.5872
278 -0.60156
279 -0.61208
280 -0.62993
281 -0.64469
282 -0.66133
283 -0.67688
284 -0.69267
285 -0.70368
286 -0.71137
287 -0.71911
288 -0.72549
289 -0.73002
290 -0.73174
291 -0.72979
292 -0.7264
293 -0.72001
294 -0.71182
295 -0.6975
296 -0.6799
297 -0.66013
298 -0.64351
299 -0.62229
300 -0.59858
301 -0.57805
302 -0.55396
303 -0.53012
304 -0.50574
305 -0.4818
306 -0.45845
307 -0.43557
308 -0.40862
309 -0.38554
310 -0.36284
311 -0.34217
312 -0.32395
313 -0.30707
314 -0.28913
315 -0.2735
316 -0.25898
317 -0.24445
318 -0.22915
319 -0.21624
320 -0.2059
321 -0.19769
322 -0.19049
323 -0.18526
324 -0.18091
325 -0.1774
326 -0.17462
327 -0.1702
328 -0.16738
329 -0.1638
330 -0.15937
331 -0.15758
332 -0.15607
333 -0.15371
334 -0.15372
335 -0.1536
336 -0.15095
337 -0.15044
338 -0.14636
339 -0.14553
340 -0.14233
341 -0.14122
342 -0.13993
343 -0.13838
344 -0.13652
345 -0.13333
346 -0.13104
347 -0.12851
348 -0.12457
349 -0.12162
350 -0.11845
351 -0.11521
352 -0.11188
353 -0.10855
354 -0.10517
355 -0.10174
356 -0.09829
357 -0.09372
358 -0.08919
359 -0.08591
360 -0.08272
361 -0.07844
362 -0.07543
363 -0.07259
364 -0.06872
365 -0.06501
366 -0.06257
367 -0.06027
368 -0.05701
369 -0.05499
370 -0.05199
371 -0.05028
372 -0.04875
373 -0.04622
374 -0.04497
375 -0.04384
376 -0.04282
377 -0.04187
378 -0.041
379 -0.04027
380 -0.03951
381 -0.03884
382 -0.03817
383 -0.03759
384 -0.03698
385 -0.03641
386 -0.03586
387 -0.03531
388 -0.03366
389 -0.03313
390 -0.03264
391 -0.03213
392 -0.03166
393 -0.03001
394 -0.02952
395 -0.029
396 -0.02847
397 -0.02789
398 -0.02729
399 -0.02669
400 -0.02608
401 -0.02321
402 -0.02262
403 -0.02202
404 -0.02143
405 -0.02083
406 -0.02025
407 -0.01967
408 -0.01909
409 -0.01853
410 -0.01796
411 -0.0174
412 -0.01686
413 -0.01636
414 -0.01588
415 -0.01541
416 -0.01496
417 -0.0145
418 -0.01407
419 -0.01363
420 -0.01322
421 -0.01282
422 -0.01247
423 -0.01213
424 -0.0118
425 -0.01148
426 -0.01117
427 -0.01087
428 -0.01059
429 -0.01034
430 -0.01009
431 -0.00984
432 -0.00961
433 -0.0094
434 -0.00806
435 -0.00789
436 -0.00773
437 -0.00759
438 -0.00744
439 -0.0073
440 -0.00716
441 -0.00701
442 -0.00686
443 -0.00672
444 -0.00658
445 -0.00644
446 -0.00519
447 -0.00397
448 -0.00277
449 -0.00271
450 -0.00267
451 -0.00262
452 -0.00257
453 -0.00252
454 -0.00248
455 -0.00131
456 -0.00128
457 -0.00126
458 -0.00123
459 -0.0012
460 -0.00117
461 -0.00115
462 0
463 0
464 0
465 0
466 0
467 0
468 0
469 0
470 0
471 0
472 0
473 0
474 0
475 0
476 0
477 0
478 0
479 0
480 0
481 0
482 0
483 0
484 0
485 0
486 0
487 0
488 0
489 0
490 0
491 0
492 0
493 0
494 0
495 0
496 0
497 0
498 0
499 0
500 0
501 0
502 0
503 0
504 0
505 0
506 0
507 0
508 0
509 0
510 0
511 0
512 0
513 0
514 0
515 0
516 0
517 0
518 0
519 0
520 0
521 0
522 0
523 0
524 0
525 0
526 0
527 0
528 0
529 0
530 0
531 0
532 0
533 0
534 0
535 0
536 0
537 0
538 0
539 0
540 0
541 0
542 0
543 0
544 0
545 0
546 0
547 0
548 0
549 0
550 0
551 0
552 0
553 0
554 0
555 0
556 0
557 0
558 0
559 0
560 0
561 0
562 0
563 0
564 0
565 0
566 0
567 0
568 0
569 0
570 0
571 0
572 0
573 0
574 0
575 0
576 0
577 0
578 0
579 0
580 0
581 0
582 0
583 0
584 0
585 0
586 0
587 0
588 0
589 0
590 0
591 0
592 0
593 0
594 0
595 0
596 0
597 0
598 0
599 0
600 0
601 0
602 0
603 0
604 0
605 0
606 0
607 0
608 0
609 0
610 0
611 0
612 0
613 0
614 0
615 0
616 0
617 0
618 0
619 0
620 0
621 0
622 0
623 0
624 0
625 0
626 0
627 0
628 0
629 0
630 0
631 0
632 0
633 0
634 0
635 0
636 0
637 0
638 0
639 0
640 0
641 0
642 0
643 0
644 0
645 0
646 0
647 0
648 0
649 0
650 0
651 0
652 0
653 0
654 0
655 0
656 0
657 0
658 0
659 0
660 0
661 0
662 0
663 0
664 0
665 0
666 0
667 0
668 0
669 0
670 0
671 0
672 0
673 0
674 0
675 0
676 0
677 0
678 0
679 0
680 0
681 0
682 0
683 0
684 0
685 0
686 0
687 0
688 0
689 0
690 0
691 0
692 0
693 0
694 0
695 0
696 0
697 0
698 0
699 0
700 0
701 0
702 0
703 0
704 0
705 0
706 0
707 0
708 0
709 0
710 0
711 0
712 0
713 0
714 0
715 0
716 0
717 0
718 0
719 0
720 0
721 0
722 0
723 0
724 0
725 0
726 0
727 0
728 0
729 0
730 0
731 0
732 0
733 0
734 0
735 0
736 0
737 0
738 0
739 0
740 0
741 0
742 0
743 0
744 0
745 0
746 0
747 0
748 0
749 0
750 0
