0 0
1 0
2 0.00318
3 0.06614
4 0.43987
5 1.28857
6 2.66387
7 4.56915
8 7.02083
9 9.97563
10 13.3469
11 17.0793
12 21.1665
13 25.5806
14 30.249
15 35.0825
16 40.0097
17 44.8865
18 49.6721
19 54.2956
20 58.7344
21 62.9607
22 66.8104
23 70.1272
24 72.8336
25 74.9019
26 76.3141
27 77.0742
28 77.2008
29 76.7055
30 75.5711
31 73.7914
32 71.4206
33 68.4734
34 64.9666
35 60.9425
36 56.4491
37 51.5755
38 46.3966
39 40.9642
40 35.3796
41 29.7389
42 24.1151
43 18.6233
44 13.336
45 8.30803
46 3.60659
47 -0.78231
48 -4.76392
49 -8.23602
50 -11.014
51 -13.0245
52 -14.3756
53 -15.1788
54 -15.4872
55 -15.357
56 -14.7942
57 -13.7975
58 -12.4081
59 -10.735
60 -8.83602
61 -6.84408
62 -4.85773
63 -3.0016
64 -1.38022
65 -0.03248
66 0.99833
67 1.73807
68 2.19888
69 2.38061
70 2.33826
71 2.05092
72 1.4946
73 0.68269
74 -0.36329
75 -1.59818
76 -2.96488
77 -4.42053
78 -5.94691
79 -7.52059
80 -9.14421
81 -10.8031
82 -12.4657
83 -14.0989
84 -15.6889
85 -17.2524
86 -18.7693
87 -20.195
88 -21.4802
89 -22.567
90 -23.4396
91 -24.1221
92 -24.6258
93 -24.9958
94 -25.261
95 -25.4104
96 -25.4505
97 -25.3876
98 -25.2033
99 -24.8997
100 -24.4937
101 -24.0287
102 -23.502
103 -22.9367
104 -22.3376
105 -21.6909
106 -20.9963
107 -20.2618
108 -19.5101
109 -18.7666
110 -18.0421
111 -17.322
112 -16.6025
113 -15.8991
114 -15.2152
115 -14.5724
116 -13.9938
117 -13.4965
118 -13.0891
119 -12.7548
120 -12.4664
121 -12.203
122 -11.9773
123 -11.7862
124 -11.6205
125 -11.4634
126 -11.2996
127 -11.1201
128 -10.9366
129 -10.7739
130 -10.6392
131 -10.5266
132 -10.4124
133 -10.2613
134 -10.0766
135 -9.87648
136 -9.64712
137 -9.35776
138 -9.01832
139 -8.65567
140 -8.29298
141 -7.96465
142 -7.68776
143 -7.4632
144 -7.30264
145 -7.21088
146 -7.18759
147 -7.24015
148 -7.36263
149 -7.54436
150 -7.77631
151 -8.04948
152 -8.352
153 -8.6531
154 -8.93511
155 -9.19297
156 -9.42217
157 -9.60619
158 -9.73686
159 -9.81232
160 -9.82584
161 -9.77196
162 -9.66201
163 -9.51468
164 -9.34077
165 -9.14635
166 -8.94315
167 -8.73604
168 -8.53443
169 -8.34172
170 -8.15573
171 -7.97936
172 -7.81127
173 -7.65435
174 -7.48942
175 -7.3051
176 -7.10298
177 -6.86741
178 -6.59252
179 -6.29489
180 -5.98989
181 -5.69047
182 -5.40096
183 -5.10561
184 -4.80289
185 -4.50505
186 -4.2234
187 -3.96655
188 -3.73968
189 -3.5481
190 -3.39607
191 -3.28222
192 -3.20561
193 -3.16538
194 -3.15921
195 -3.18407
196 -3.24104
197 -3.31935
198 -3.41743
199 -3.53006
200 -3.65171
201 -3.78319
202 -3.9185
203 -4.05277
204 -4.18367
205 -4.30695
206 -4.3995
207 -4.44568
208 -4.45132
209 -4.42252
210 -4.36678
211 -4.29048
212 -4.1982
213 -4.09366
214 -3.98158
215 -3.86571
216 -3.74446
217 -3.62698
218 -3.51465
219 -3.40459
220 -3.27871
221 -3.12621
222 -2.95339
223 -2.76781
224 -2.57921
225 -2.39287
226 -2.21392
227 -2.04855
228 -1.89959
229 -1.76613
230 -1.65287
231 -1.56349
232 -1.49754
233 -1.45416
234 -1.43036
235 -1.42528
236 -1.43812
237 -1.46542
238 -1.50539
239 -1.55414
240 -1.60858
241 -1.66897
242 -1.73346
243 -1.7982
244 -1.86265
245 -1.92509
246 -1.98407
247 -2.03841
248 -2.08503
249 -2.12672
250 -2.16133
251 -2.18662
252 -2.19084
253 -2.19729
254 -2.19016
255 -2.17836
256 -2.15326
257 -2.12493
258 -2.08569
259 -2.03817
260 -1.98208
261 -1.92298
262 -1.85713
263 -1.78699
264 -1.71586
265 -1.64498
266 -1.56598
267 -1.48956
268 -1.40954
269 -1.33451
270 -1.26524
271 -1.19517
272 -1.12538
273 -1.0574
274 -0.99544
275 -0.93612
276 -0.87957
277 -0.82831
278 -0.7826
279 -0.73971
280 -0.69971
281 -0.66696
282 -0.63713
283 -0.61113
284 -0.58853
285 -0.56782
286 -0.55217
287 -0.53808
288 -0.52547
289 -0.5159
290 -0.50839
291 -0.50021
292 -0.49659
293 -0.4917
294 -0.48847
295 -0.48672
296 -0.48065
297 -0.47621
298 -0.4659
299 -0.46206
300 -0.46109
301 -0.45625
302 -0.45079
303 -0.44574
304 -0.43543
305 -0.42783
306 -0.41838
307 -0.41149
308 -0.40046
309 -0.39202
310 -0.3828
311 -0.37426
312 -0.36428
313 -0.35392
314 -0.34315
315 -0.32964
316 -0.31804
317 -0.30515
318 -0.29221
319 -0.28186
320 -0.27044
321 -0.2603
322 -0.24803
323 -0.23703
324 -0.22513
325 -0.21501
326 -0.20534
327 -0.19611
328 -0.18855
329 -0.1803
330 -0.17244
331 -0.16507
332 -0.1593
333 -0.15411
334 -0.1482
335 -0.14262
336 -0.13633
337 -0.13038
338 -0.12713
339 -0.12312
340 -0.12059
341 -0.11829
342 -0.11618
343 -0.11302
344 -0.11116
345 -0.10836
346 -0.10461
347 -0.10316
348 -0.10182
349 -0.10051
350 -0.09808
351 -0.09683
352 -0.09443
353 -0.092
354 -0.09069
355 -0.08824
356 -0.08678
357 -0.08524
358 -0.08249
359 -0.07977
360 -0.07812
361 -0.07528
362 -0.0736
363 -0.07188
364 -0.07011
365 -0.06831
366 -0.06656
367 -0.06362
368 -0.06071
369 -0.05894
370 -0.05715
371 -0.05429
372 -0.05263
373 -0.0499
374 -0.04721
375 -0.04575
376 -0.04432
377 -0.0429
378 -0.04153
379 -0.0391
380 -0.03674
381 -0.03445
382 -0.03335
383 -0.03236
384 -0.02913
385 -0.02719
386 -0.02642
387 -0.02571
388 -0.025
389 -0.02438
390 -0.02378
391 -0.02321
392 -0.02271
393 -0.02223
394 -0.02178
395 -0.02134
396 -0.02096
397 -0.02058
398 -0.02025
399 -0.01989
400 -0.01956
401 -0.01809
402 -0.01775
403 -0.01742
404 -0.01709
405 -0.01562
406 -0.0153
407 -0.015
408 -0.01355
409 -0.01326
410 -0.01297
411 -0.01267
412 -0.0124
413 -0.01213
414 -0.01185
415 -0.01159
416 -0.01132
417 -0.01105
418 -0.01077
419 -0.01049
420 -0.01023
421 -0.00998
422 -0.00859
423 -0.00834
424 -0.00812
425 -0.00675
426 -0.00656
427 -0.00635
428 -0.00615
429 -0.00597
430 -0.0058
431 -0.0045
432 -0.00436
433 -0.00422
434 -0.0041
435 -0.004
436 -0.0039
437 -0.00379
438 -0.0037
439 -0.00361
440 -0.00352
441 -0.00343
442 -0.00335
443 -0.00328
444 -0.00321
445 -0.00314
446 -0.00308
447 -0.00301
448 -0.00294
449 -0.00288
450 -0.00282
451 -0.00275
452 -0.00269
453 -0.00264
454 -0.00146
455 -0.00143
456 -0.00141
457 -0.00139
458 -0.00137
459 -0.00135
460 -0.00133
461 -0.00131
462 -0.00128
463 -0.00126
464 -0.00123
465 -0.0012
466 -0.00117
467 -0.00115
468 0
469 0
470 0
471 0
472 0
473 0
474 0
475 0
476 0
477 0
478 0
479 0
480 0
481 0
482 0
483 0
484 0
485 0
486 0
487 0
488 0
489 0
490 0
491 0
492 0
493 0
494 0
495 0
496 0
497 0
498 0
499 0
500 0
501 0
502 0
503 0
504 0
505 0
506 0
507 0
508 0
509 0
510 0
511 0
512 0
513 0
514 0
515 0
516 0
517 0
518 0
519 0
520 0
521 0
522 0
523 0
524 0
525 0
526 0
527 0
528 0
529 0
530 0
531 0
532 0
533 0
534 0
535 0
536 0
537 0
538 0
539 0
540 0
541 0
542 0
543 0
544 0
545 0
546 0
547 0
548 0
549 0
550 0
551 0
552 0
553 0
554 0
555 0
556 0
557 0
558 0
559 0
560 0
561 0
562 0
563 0
564 0
565 0
566 0
567 0
568 0
569 0
570 0
571 0
572 0
573 0
574 0
575 0
576 0
577 0
578 0
579 0
580 0
581 0
582 0
583 0
584 0
585 0
586 0
587 0
588 0
589 0
590 0
591 0
592 0
593 0
594 0
595 0
596 0
597 0
598 0
599 0
600 0
601 0
602 0
603 0
604 0
605 0
606 0
607 0
608 0
609 0
610 0
611 0
612 0
613 0
614 0
615 0
616 0
617 0
618 0
619 0
620 0
621 0
622 0
623 0
624 0
625 0
626 0
627 0
628 0
629 0
630 0
631 0
632 0
633 0
634 0
635 0
636 0
637 0
638 0
639 0
640 0
641 0
642 0
643 0
644 0
645 0
646 0
647 0
648 0
649 0
650 0
651 0
652 0
653 0
654 0
655 0
656 0
657 0
658 0
659 0
660 0
661 0
662 0
663 0
664 0
665 0
666 0
667 0
668 0
669 0
670 0
671 0
672 0
673 0
674 0
675 0
676 0
677 0
678 0
679 0
680 0
681 0
682 0
683 0
684 0
685 0
686 0
687 0
688 0
689 0
690 0
691 0
692 0
693 0
694 0
695 0
696 0
697 0
698 0
699 0
700 0
701 0
702 0
703 0
704 0
705 0
706 0
707 0
708 0
709 0
710 0
711 0
712 0
713 0
714 0
715 0
716 0
717 0
718 0
719 0
720 0
721 0
722 0
723 0
724 0
725 0
726 0
727 0
728 0
729 0
730 0
731 0
732 0
733 0
734 0
735 0
736 0
737 0
738 0
739 0
740 0
741 0
742 0
743 0
744 0
745 0
746 0
747 0
748 0
749 0
750 0
