0 0
1 0
2 0.01749
3 0.26837
4 1.01146
5 2.42702
6 4.62149
7 7.64926
8 11.4888
9 16.0068
10 21.0787
11 26.5867
12 32.3206
13 38.089
14 43.7211
15 49.125
16 54.201
17 58.8294
18 62.8916
19 66.285
20 68.9625
21 70.8963
22 72.0652
23 72.4674
24 72.1068
25 71.0808
26 69.5019
27 67.4345
28 64.967
29 62.2075
30 59.2645
31 56.1809
32 52.9742
33 49.714
34 46.4043
35 43.0742
36 39.7208
37 36.3401
38 32.9523
39 29.6174
40 26.4157
41 23.4069
42 20.6593
43 18.1681
44 15.8744
45 13.8343
46 12.078
47 10.5961
48 9.3511
49 8.28024
50 7.30128
51 6.35896
52 5.425
53 4.4793
54 3.48119
55 2.40023
56 1.20938
57 -0.07297
58 -1.42677
59 -2.84676
60 -4.28651
61 -5.68241
62 -6.91658
63 -7.96995
64 -8.88286
65 -9.64416
66 -10.3039
67 -10.8925
68 -11.4423
69 -11.9674
70 -12.4916
71 -13.05
72 -13.6629
73 -14.3632
74 -15.1469
75 -16.0118
76 -16.9215
77 -17.8171
78 -18.6793
79 -19.4892
80 -20.2592
81 -21.0069
82 -21.7423
83 -22.4585
84 -23.1451
85 -23.7906
86 -24.4076
87 -24.9611
88 -25.42
89 -25.8119
90 -26.115
91 -26.329
92 -26.4551
93 -26.4839
94 -26.4096
95 -26.2267
96 -25.953
97 -25.6076
98 -25.1891
99 -24.6808
100 -24.0958
101 -23.4543
102 -22.7795
103 -22.0529
104 -21.2227
105 -20.3072
106 -19.334
107 -18.3147
108 -17.2586
109 -16.1907
110 -15.1466
111 -14.1595
112 -13.257
113 -12.4502
114 -11.7579
115 -11.1903
116 -10.7556
117 -10.4468
118 -10.2534
119 -10.158
120 -10.1147
121 -10.1068
122 -10.1316
123 -10.1924
124 -10.2883
125 -10.4007
126 -10.5174
127 -10.6352
128 -10.7572
129 -10.8656
130 -10.9564
131 -11.0347
132 -11.1036
133 -11.1696
134 -11.2324
135 -11.2729
136 -11.2811
137 -11.26
138 -11.2214
139 -11.1655
140 -11.0926
141 -10.9938
142 -10.8585
143 -10.6911
144 -10.502
145 -10.296
146 -10.0858
147 -9.88253
148 -9.68865
149 -9.49638
150 -9.28866
151 -9.06179
152 -8.80314
153 -8.50877
154 -8.18636
155 -7.82718
156 -7.43797
157 -7.03624
158 -6.63429
159 -6.24724
160 -5.88692
161 -5.56136
162 -5.27739
163 -5.04392
164 -4.85796
165 -4.71889
166 -4.62763
167 -4.57697
168 -4.55167
169 -4.53069
170 -4.51299
171 -4.49967
172 -4.49504
173 -4.50366
174 -4.52573
175 -4.55778
176 -4.6003
177 -4.65234
178 -4.71525
179 -4.78907
180 -4.86814
181 -4.95169
182 -5.03459
183 -5.11422
184 -5.19392
185 -5.26583
186 -5.32775
187 -5.3756
188 -5.40702
189 -5.42465
190 -5.42874
191 -5.41576
192 -5.38467
193 -5.33898
194 -5.27741
195 -5.20442
196 -5.11872
197 -5.01896
198 -4.90812
199 -4.78839
200 -4.66121
201 -4.52561
202 -4.38306
203 -4.23708
204 -4.08747
205 -3.93652
206 -3.78464
207 -3.6318
208 -3.48046
209 -3.33206
210 -3.18625
211 -3.04683
212 -2.9134
213 -2.78684
214 -2.66501
215 -2.54873
216 -2.44087
217 -2.34154
218 -2.25079
219 -2.16623
220 -2.08844
221 -2.01817
222 -1.95474
223 -1.89796
224 -1.84669
225 -1.80004
226 -1.75883
227 -1.72219
228 -1.68928
229 -1.66016
230 -1.63355
231 -1.609
232 -1.58649
233 -1.56627
234 -1.54719
235 -1.52853
236 -1.51045
237 -1.49227
238 -1.47399
239 -1.4554
240 -1.4359
241 -1.41614
242 -1.39535
243 -1.37402
244 -1.35126
245 -1.32724
246 -1.30229
247 -1.27605
248 -1.24895
249 -1.22106
250 -1.1926
251 -1.15092
252 -1.11472
253 -1.07581
254 -1.03853
255 -1.00002
256 -0.96397
257 -0.93159
258 -0.89476
259 -0.86102
260 -0.83267
261 -0.80057
262 -0.77138
263 -0.7399
264 -0.71125
265 -0.6859
266 -0.65909
267 -0.63565
268 -0.61255
269 -0.58932
270 -0.57029
271 -0.54999
272 -0.53177
273 -0.50998
274 -0.49165
275 -0.4767
276 -0.45812
277 -0.44153
278 -0.42684
279 -0.41271
280 -0.40044
281 -0.38644
282 -0.37646
283 -0.36455
284 -0.35535
285 -0.34535
286 -0.33676
287 -0.32387
288 -0.31468
289 -0.30331
290 -0.29212
291 -0.28558
292 -0.2768
293 -0.26588
294 -0.25524
295 -0.24814
296 -0.23992
297 -0.23239
298 -0.20339
299 -0.14186
300 -0.0528
301 0.05427
302 0.16975
303 0.28799
304 0.40368
305 0.5146
306 0.61241
307 0.69631
308 0.76637
309 0.81741
310 0.85212
311 0.86252
312 0.85532
313 0.83344
314 0.79172
315 0.73862
316 0.67465
317 0.5997
318 0.51743
319 0.42995
320 0.33626
321 0.24217
322 0.14594
323 0.05019
324 -0.04033
325 -0.13122
326 -0.21547
327 -0.29722
328 -0.37237
329 -0.44088
330 -0.5016
331 -0.55252
332 -0.59622
333 -0.63144
334 -0.65778
335 -0.67336
336 -0.68294
337 -0.68427
338 -0.67717
339 -0.66502
340 -0.6454
341 -0.62063
342 -0.59217
343 -0.56113
344 -0.52596
345 -0.48752
346 -0.44715
347 -0.40671
348 -0.36726
349 -0.32767
350 -0.288
351 -0.24779
352 -0.20964
353 -0.17606
354 -0.14465
355 -0.1143
356 -0.08715
357 -0.064
358 -0.04392
359 -0.02686
360 -0.01279
361 -0.00175
362 0.0066
363 0.01228
364 0.01539
365 0.01637
366 0.01514
367 0.01333
368 0.00987
369 0.00392
370 -0.00306
371 -0.01094
372 -0.01944
373 -0.02714
374 -0.03616
375 -0.0453
376 -0.05425
377 -0.06156
378 -0.06951
379 -0.07697
380 -0.08383
381 -0.08987
382 -0.09505
383 -0.09823
384 -0.10169
385 -0.10421
386 -0.10586
387 -0.10664
388 -0.10644
389 -0.10446
390 -0.10303
391 -0.10101
392 -0.09838
393 -0.09516
394 -0.09132
395 -0.08706
396 -0.08261
397 -0.07808
398 -0.07235
399 -0.06768
400 -0.06181
401 -0.057
402 -0.05231
403 -0.0467
404 -0.04251
405 -0.03859
406 -0.035
407 -0.03165
408 -0.02856
409 -0.02572
410 -0.02315
411 -0.02104
412 -0.01921
413 -0.01766
414 -0.0164
415 -0.01542
416 -0.01358
417 -0.01318
418 -0.01302
419 -0.01301
420 -0.01313
421 -0.01337
422 -0.01372
423 -0.0142
424 -0.01479
425 -0.01545
426 -0.0161
427 -0.01671
428 -0.01729
429 -0.01782
430 -0.01831
431 -0.01877
432 -0.0192
433 -0.01958
434 -0.01986
435 -0.02003
436 -0.02012
437 -0.02012
438 -0.02005
439 -0.01983
440 -0.01957
441 -0.01926
442 -0.01889
443 -0.01848
444 -0.01802
445 -0.01749
446 -0.01693
447 -0.01632
448 -0.01565
449 -0.01496
450 -0.01426
451 -0.01359
452 -0.01293
453 -0.0123
454 -0.0117
455 -0.01112
456 -0.01055
457 -0.01002
458 -0.0095
459 -0.00902
460 -0.00855
461 -0.00811
462 -0.0077
463 -0.00738
464 -0.00707
465 -0.0068
466 -0.00655
467 -0.00633
468 -0.00613
469 -0.00595
470 -0.00581
471 -0.00568
472 -0.00559
473 -0.00551
474 -0.00547
475 -0.00543
476 -0.00541
477 -0.00539
478 -0.00537
479 -0.00535
480 -0.00531
481 -0.00527
482 -0.00523
483 -0.00519
484 -0.00513
485 -0.00508
486 -0.00502
487 -0.00496
488 -0.00489
489 -0.00481
490 -0.00474
491 -0.00466
492 -0.00457
493 -0.00448
494 -0.00439
495 -0.00429
496 -0.00419
497 -0.00408
498 -0.00397
499 -0.00385
500 -0.00373
501 -0.0036
502 -0.00348
503 -0.00335
504 -0.00324
505 -0.00312
506 -0.00301
507 -0.00291
508 -0.00281
509 -0.00271
510 -0.00261
511 -0.00252
512 -0.00244
513 -0.00238
514 -0.00231
515 -0.00224
516 -0.00218
517 -0.00212
518 -0.00206
519 -0.002
520 -0.00194
521 -0.00189
522 -0.00184
523 -0.00179
524 -0.00175
525 -0.0017
526 -0.00166
527 -0.00162
528 -0.00159
529 -0.00155
530 -0.00152
531 -0.00149
532 -0.00146
533 -0.00143
534 -0.00141
535 -0.00139
536 -0.00137
537 -0.00135
538 -0.00133
539 -0.00131
540 -0.00128
541 -0.00126
542 -0.00123
543 -0.0012
544 -0.00117
545 -0.00115
546 0
547 0
548 0
549 0
550 0
551 0
552 0
553 0
554 0
555 0
556 0
557 0
558 0
559 0
560 0
561 0
562 0
563 0
564 0
565 0
566 0
567 0
568 0
569 0
570 0
571 0
572 0
573 0
574 0
575 0
576 0
577 0
578 0
579 0
580 0
581 0
582 0
583 0
584 0
585 0
586 0
587 0
588 0
589 0
590 0
591 0
592 0
593 0
594 0
595 0
596 0
597 0
598 0
599 0
600 0
601 0
602 0
603 0
604 0
605 0
606 0
607 0
608 0
609 0
610 0
611 0
612 0
613 0
614 0
615 0
616 0
617 0
618 0
619 0
620 0
621 0
622 0
623 0
624 0
625 0
626 0
627 0
628 0
629 0
630 0
631 0
632 0
633 0
634 0
635 0
636 0
637 0
638 0
639 0
640 0
641 0
642 0
643 0
644 0
645 0
646 0
647 0
648 0
649 0
650 0
651 0
652 0
653 0
654 0
655 0
656 0
657 0
658 0
659 0
660 0
661 0
662 0
663 0
664 0
665 0
666 0
667 0
668 0
669 0
670 0
671 0
672 0
673 0
674 0
675 0
676 0
677 0
678 0
679 0
680 0
681 0
682 0
683 0
684 0
685 0
686 0
687 0
688 0
689 0
690 0
691 0
692 0
693 0
694 0
695 0
696 0
697 0
698 0
699 0
700 0
701 0
702 0
703 0
704 0
705 0
706 0
707 0
708 0
709 0
710 0
711 0
712 0
713 0
714 0
715 0
716 0
717 0
718 0
719 0
720 0
721 0
722 0
723 0
724 0
725 0
726 0
727 0
728 0
729 0
730 0
731 0
732 0
733 0
734 0
735 0
736 0
737 0
738 0
739 0
740 0
741 0
742 0
743 0
744 0
745 0
746 0
747 0
748 0
749 0
750 0
