0 0
1 0.00318
2 0.05819
3 0.33017
4 1.01483
5 2.23655
6 4.08506
7 6.63124
8 9.88638
9 13.7601
10 18.1679
11 23.0396
12 28.3656
13 34.1181
14 40.1164
15 46.1866
16 52.1947
17 58.013
18 63.5371
19 68.6471
20 73.1981
21 77.0935
22 80.2996
23 82.7952
24 84.6064
25 85.7845
26 86.4027
27 86.5311
28 86.113
29 85.0651
30 83.3068
31 80.7828
32 77.507
33 73.5589
34 69.0524
35 64.1053
36 58.7454
37 52.9876
38 46.9169
39 40.614
40 34.208
41 27.8067
42 21.4706
43 15.2568
44 9.28273
45 3.67612
46 -1.52599
47 -6.31922
48 -10.6581
49 -14.4847
50 -17.7584
51 -20.445
52 -22.5574
53 -24.1798
54 -25.3826
55 -26.2564
56 -26.8666
57 -27.2152
58 -27.2998
59 -27.148
60 -26.8496
61 -26.4889
62 -26.1159
63 -25.7394
64 -25.3611
65 -24.9989
66 -24.6939
67 -24.4131
68 -24.1449
69 -23.8952
70 -23.6711
71 -23.4533
72 -23.2197
73 -22.9739
74 -22.7139
75 -22.443
76 -22.1517
77 -21.8308
78 -21.4596
79 -21.0072
80 -20.4827
81 -19.9188
82 -19.3496
83 -18.7924
84 -18.2512
85 -17.7418
86 -17.2562
87 -16.8174
88 -16.4422
89 -16.1153
90 -15.7996
91 -15.4718
92 -15.1436
93 -14.832
94 -14.5405
95 -14.2361
96 -13.8786
97 -13.4863
98 -13.1068
99 -12.7584
100 -12.4331
101 -12.096
102 -11.738
103 -11.352
104 -10.9587
105 -10.5736
106 -10.2107
107 -9.88344
108 -9.59596
109 -9.35255
110 -9.14676
111 -8.96688
112 -8.80741
113 -8.67497
114 -8.56206
115 -8.45459
116 -8.36398
117 -8.28594
118 -8.22256
119 -8.1713
120 -8.11441
121 -8.05922
122 -8.0257
123 -8.03351
124 -8.08882
125 -8.20607
126 -8.38933
127 -8.63464
128 -8.93561
129 -9.28912
130 -9.68283
131 -10.1117
132 -10.5711
133 -11.0209
134 -11.4408
135 -11.8198
136 -12.1397
137 -12.3852
138 -12.5446
139 -12.6206
140 -12.6163
141 -12.5481
142 -12.4272
143 -12.2688
144 -12.0902
145 -11.8712
146 -11.5868
147 -11.2301
148 -10.8243
149 -10.3772
150 -9.88833
151 -9.35207
152 -8.71269
153 -7.95808
154 -7.1265
155 -6.24968
156 -5.34818
157 -4.44265
158 -3.55852
159 -2.72401
160 -1.97477
161 -1.32781
162 -0.80135
163 -0.41194
164 -0.16062
165 -0.04836
166 -0.06164
167 -0.19906
168 -0.43652
169 -0.73571
170 -1.09736
171 -1.51181
172 -1.96594
173 -2.46319
174 -2.99015
175 -3.53225
176 -4.08769
177 -4.64845
178 -5.20281
179 -5.74461
180 -6.26428
181 -6.75866
182 -7.21749
183 -7.63596
184 -8.00733
185 -8.32175
186 -8.58478
187 -8.79019
188 -8.93429
189 -9.02251
190 -9.05348
191 -9.02584
192 -8.94613
193 -8.81848
194 -8.64461
195 -8.43513
196 -8.19214
197 -7.9164
198 -7.61266
199 -7.28793
200 -6.9507
201 -6.58439
202 -6.17917
203 -5.74239
204 -5.28794
205 -4.83179
206 -4.38157
207 -3.92493
208 -3.45686
209 -2.98838
210 -2.53464
211 -2.10906
212 -1.72129
213 -1.37666
214 -1.07944
215 -0.83179
216 -0.63701
217 -0.49579
218 -0.40657
219 -0.3658
220 -0.3713
221 -0.41641
222 -0.49929
223 -0.61656
224 -0.75772
225 -0.92083
226 -1.10077
227 -1.29125
228 -1.48905
229 -1.69048
230 -1.88986
231 -2.08325
232 -2.26842
233 -2.44235
234 -2.60197
235 -2.74471
236 -2.86987
237 -2.97509
238 -3.0606
239 -3.12469
240 -3.16659
241 -3.18722
242 -3.18725
243 -3.16666
244 -3.12945
245 -3.07613
246 -3.00684
247 -2.92199
248 -2.82397
249 -2.71525
250 -2.59867
251 -2.47126
252 -2.34017
253 -2.2055
254 -2.06705
255 -1.93007
256 -1.79747
257 -1.67163
258 -1.54484
259 -1.42572
260 -1.30767
261 -1.20025
262 -1.10629
263 -1.01444
264 -0.93244
265 -0.85955
266 -0.79357
267 -0.73803
268 -0.69249
269 -0.64993
270 -0.61693
271 -0.58947
272 -0.56714
273 -0.55032
274 -0.53708
275 -0.52944
276 -0.52993
277 -0.53334
278 -0.54041
279 -0.54792
280 -0.55643
281 -0.56338
282 -0.56938
283 -0.57846
284 -0.58821
285 -0.59571
286 -0.60176
287 -0.60634
288 -0.60701
289 -0.60926
290 -0.60832
291 -0.60643
292 -0.59808
293 -0.5901
294 -0.58264
295 -0.57231
296 -0.5588
297 -0.54361
298 -0.527
299 -0.50827
300 -0.49211
301 -0.47513
302 -0.45844
303 -0.43877
304 -0.42093
305 -0.40081
306 -0.37982
307 -0.36257
308 -0.34574
309 -0.32929
310 -0.31338
311 -0.29697
312 -0.28132
313 -0.26755
314 -0.25491
315 -0.24077
316 -0.22984
317 -0.21867
318 -0.20938
319 -0.19867
320 -0.19127
321 -0.18362
322 -0.17666
323 -0.1716
324 -0.16493
325 -0.16128
326 -0.15599
327 -0.1513
328 -0.14934
329 -0.14769
330 -0.14513
331 -0.14388
332 -0.14167
333 -0.14084
334 -0.13889
335 -0.1381
336 -0.13725
337 -0.134
338 -0.13292
339 -0.12945
340 -0.12819
341 -0.12681
342 -0.12417
343 -0.12025
344 -0.11742
345 -0.11554
346 -0.11353
347 -0.11143
348 -0.10685
349 -0.10335
350 -0.09976
351 -0.09608
352 -0.09347
353 -0.0897
354 -0.08698
355 -0.08315
356 -0.08044
357 -0.07772
358 -0.07278
359 -0.07015
360 -0.06652
361 -0.06413
362 -0.06067
363 -0.05732
364 -0.05522
365 -0.05206
366 -0.05027
367 -0.04742
368 -0.04468
369 -0.04314
370 -0.04173
371 -0.04037
372 -0.03917
373 -0.03801
374 -0.03695
375 -0.03599
376 -0.03508
377 -0.03425
378 -0.03347
379 -0.03275
380 -0.03206
381 -0.03034
382 -0.0298
383 -0.02931
384 -0.0277
385 -0.0273
386 -0.02577
387 -0.02539
388 -0.02504
389 -0.02467
390 -0.02429
391 -0.02391
392 -0.02354
393 -0.02203
394 -0.02053
395 -0.02017
396 -0.0198
397 -0.01828
398 -0.01792
399 -0.01644
400 -0.01272
401 -0.01243
402 -0.01214
403 -0.01072
404 -0.01045
405 -0.00906
406 -0.0088
407 -0.00856
408 -0.0083
409 -0.00805
410 -0.00779
411 -0.00755
412 -0.00729
413 -0.00705
414 -0.00681
415 -0.0066
416 -0.00529
417 -0.00512
418 -0.00495
419 -0.00479
420 -0.00464
421 -0.0045
422 -0.00438
423 -0.00425
424 -0.00413
425 -0.00402
426 -0.00391
427 -0.00381
428 -0.0037
429 -0.0036
430 -0.00351
431 -0.00343
432 -0.00334
433 -0.00327
434 -0.00319
435 -0.00312
436 -0.00305
437 -0.003
438 -0.00294
439 -0.00289
440 -0.00284
441 -0.00279
442 -0.00274
443 -0.00269
444 -0.00265
445 -0.0026
446 -0.00255
447 -0.0025
448 -0.00246
449 -0.00128
450 -0.00126
451 -0.00123
452 -0.0012
453 -0.00117
454 -0.00115
455 0
456 0
457 0
458 0
459 0
460 0
461 0
462 0
463 0
464 0
465 0
466 0
467 0
468 0
469 0
470 0
471 0
472 0
473 0
474 0
475 0
476 0
477 0
478 0
479 0
480 0
481 0
482 0
483 0
484 0
485 0
486 0
487 0
488 0
489 0
490 0
491 0
492 0
493 0
494 0
495 0
496 0
497 0
498 0
499 0
500 0
501 0
502 0
503 0
504 0
505 0
506 0
507 0
508 0
509 0
510 0
511 0
512 0
513 0
514 0
515 0
516 0
517 0
518 0
519 0
520 0
521 0
522 0
523 0
524 0
525 0
526 0
527 0
528 0
529 0
530 0
531 0
532 0
533 0
534 0
535 0
536 0
537 0
538 0
539 0
540 0
541 0
542 0
543 0
544 0
545 0
546 0
547 0
548 0
549 0
550 0
551 0
552 0
553 0
554 0
555 0
556 0
557 0
558 0
559 0
560 0
561 0
562 0
563 0
564 0
565 0
566 0
567 0
568 0
569 0
570 0
571 0
572 0
573 0
574 0
575 0
576 0
577 0
578 0
579 0
580 0
581 0
582 0
583 0
584 0
585 0
586 0
587 0
588 0
589 0
590 0
591 0
592 0
593 0
594 0
595 0
596 0
597 0
598 0
599 0
600 0
601 0
602 0
603 0
604 0
605 0
606 0
607 0
608 0
609 0
610 0
611 0
612 0
613 0
614 0
615 0
616 0
617 0
618 0
619 0
620 0
621 0
622 0
623 0
624 0
625 0
626 0
627 0
628 0
629 0
630 0
631 0
632 0
633 0
634 0
635 0
636 0
637 0
638 0
639 0
640 0
641 0
642 0
643 0
644 0
645 0
646 0
647 0
648 0
649 0
650 0
651 0
652 0
653 0
654 0
655 0
656 0
657 0
658 0
659 0
660 0
661 0
662 0
663 0
664 0
665 0
666 0
667 0
668 0
669 0
670 0
671 0
672 0
673 0
674 0
675 0
676 0
677 0
678 0
679 0
680 0
681 0
682 0
683 0
684 0
685 0
686 0
687 0
688 0
689 0
690 0
691 0
692 0
693 0
694 0
695 0
696 0
697 0
698 0
699 0
700 0
701 0
702 0
703 0
704 0
705 0
706 0
707 0
708 0
709 0
710 0
711 0
712 0
713 0
714 0
715 0
716 0
717 0
718 0
719 0
720 0
721 0
722 0
723 0
724 0
725 0
726 0
727 0
728 0
729 0
730 0
731 0
732 0
733 0
734 0
735 0
736 0
737 0
738 0
739 0
740 0
741 0
742 0
743 0
744 0
745 0
746 0
747 0
748 0
749 0
750 0
