0 0
1 0.00159
2 0.02671
3 0.14092
4 0.55916
5 1.48204
6 2.95951
7 5.0045
8 7.63147
9 10.8996
10 14.8704
11 19.5231
12 24.8134
13 30.6133
14 36.7164
15 42.8975
16 48.9593
17 54.7659
18 60.248
19 65.2626
20 69.6329
21 73.3389
22 76.3848
23 78.8382
24 80.787
25 82.2502
26 83.2279
27 83.6941
28 83.5599
29 82.7578
30 81.2493
31 78.9819
32 75.9442
33 72.1377
34 67.676
35 62.671
36 57.1516
37 51.1973
38 44.8859
39 38.2969
40 31.5712
41 24.8173
42 18.1337
43 11.5984
44 5.3021
45 -0.64995
46 -6.13655
47 -11.149
48 -15.6622
49 -19.6473
50 -23.08
51 -25.958
52 -28.3262
53 -30.2023
54 -31.5806
55 -32.4253
56 -32.7223
57 -32.4967
58 -31.8057
59 -30.7255
60 -29.3394
61 -27.7262
62 -25.9234
63 -23.9615
64 -21.8952
65 -19.7933
66 -17.7179
67 -15.7132
68 -13.8595
69 -12.2118
70 -10.8329
71 -9.75503
72 -8.89793
73 -8.17236
74 -7.50935
75 -6.88042
76 -6.29547
77 -5.76352
78 -5.26529
79 -4.82883
80 -4.45222
81 -4.14908
82 -3.9298
83 -3.79451
84 -3.73622
85 -3.78324
86 -3.95122
87 -4.25765
88 -4.73322
89 -5.38309
90 -6.15946
91 -7.01076
92 -7.87444
93 -8.7421
94 -9.60522
95 -10.4423
96 -11.2343
97 -11.9733
98 -12.6752
99 -13.3416
100 -13.9791
101 -14.5859
102 -15.1591
103 -15.6968
104 -16.1729
105 -16.5871
106 -16.9536
107 -17.2842
108 -17.5921
109 -17.8839
110 -18.1592
111 -18.3997
112 -18.5885
113 -18.7279
114 -18.8051
115 -18.8173
116 -18.7593
117 -18.6286
118 -18.4293
119 -18.1546
120 -17.7925
121 -17.3324
122 -16.7645
123 -16.1064
124 -15.3843
125 -14.621
126 -13.8146
127 -12.9818
128 -12.1449
129 -11.3153
130 -10.4908
131 -9.68272
132 -8.91711
133 -8.2025
134 -7.53993
135 -6.95515
136 -6.45832
137 -6.04042
138 -5.70099
139 -5.44393
140 -5.27795
141 -5.20661
142 -5.20716
143 -5.26536
144 -5.38228
145 -5.55669
146 -5.78862
147 -6.0735
148 -6.40717
149 -6.77883
150 -7.179
151 -7.60215
152 -8.03849
153 -8.47379
154 -8.86549
155 -9.18067
156 -9.41642
157 -9.58708
158 -9.7011
159 -9.74964
160 -9.72568
161 -9.63727
162 -9.4984
163 -9.32608
164 -9.13262
165 -8.90812
166 -8.64318
167 -8.34927
168 -8.03852
169 -7.7288
170 -7.43057
171 -7.14221
172 -6.87075
173 -6.62171
174 -6.39769
175 -6.19903
176 -6.02814
177 -5.88199
178 -5.76271
179 -5.64555
180 -5.52034
181 -5.39014
182 -5.25841
183 -5.1333
184 -5.01476
185 -4.90866
186 -4.81682
187 -4.73935
188 -4.67637
189 -4.62601
190 -4.59277
191 -4.57429
192 -4.56827
193 -4.56984
194 -4.5771
195 -4.59156
196 -4.60557
197 -4.62382
198 -4.64088
199 -4.65385
200 -4.66071
201 -4.65873
202 -4.65191
203 -4.64039
204 -4.61965
205 -4.5882
206 -4.5454
207 -4.49391
208 -4.43759
209 -4.37328
210 -4.30158
211 -4.21918
212 -4.12922
213 -4.03369
214 -3.93377
215 -3.82846
216 -3.71789
217 -3.60398
218 -3.488
219 -3.37139
220 -3.25511
221 -3.13702
222 -3.02095
223 -2.90728
224 -2.79618
225 -2.68714
226 -2.58032
227 -2.47894
228 -2.38283
229 -2.29187
230 -2.20552
231 -2.12346
232 -2.04643
233 -1.97452
234 -1.9077
235 -1.84593
236 -1.78895
237 -1.73664
238 -1.6888
239 -1.64484
240 -1.60475
241 -1.56798
242 -1.53449
243 -1.50345
244 -1.47412
245 -1.44705
246 -1.42209
247 -1.39921
248 -1.37727
249 -1.35613
250 -1.33436
251 -1.31191
252 -1.28071
253 -1.25572
254 -1.23269
255 -1.20601
256 -1.18037
257 -1.14993
258 -1.12026
259 -1.0928
260 -1.06176
261 -1.0359
262 -1.00952
263 -0.98265
264 -0.95701
265 -0.92746
266 -0.89772
267 -0.87372
268 -0.84747
269 -0.81645
270 -0.78937
271 -0.7568
272 -0.72952
273 -0.70052
274 -0.67515
275 -0.65018
276 -0.62777
277 -0.60602
278 -0.584
279 -0.56621
280 -0.54673
281 -0.52924
282 -0.50644
283 -0.49107
284 -0.47422
285 -0.45938
286 -0.44421
287 -0.43099
288 -0.41615
289 -0.4041
290 -0.39158
291 -0.38068
292 -0.3694
293 -0.35624
294 -0.34584
295 -0.33687
296 -0.32721
297 -0.31785
298 -0.30911
299 -0.30173
300 -0.29337
301 -0.28632
302 -0.27831
303 -0.26703
304 -0.26045
305 -0.2518
306 -0.24434
307 -0.23937
308 -0.2321
309 -0.22617
310 -0.21918
311 -0.21225
312 -0.2065
313 -0.20093
314 -0.19422
315 -0.18976
316 -0.18526
317 -0.18072
318 -0.17631
319 -0.17198
320 -0.16316
321 -0.15561
322 -0.14933
323 -0.14307
324 -0.13814
325 -0.13212
326 -0.12628
327 -0.12277
328 -0.1171
329 -0.1127
330 -0.1085
331 -0.10328
332 -0.09933
333 -0.09665
334 -0.09296
335 -0.09056
336 -0.08814
337 -0.08587
338 -0.08139
339 -0.07823
340 -0.07399
341 -0.07214
342 -0.06919
343 -0.06636
344 -0.06369
345 -0.06215
346 -0.05959
347 -0.05817
348 -0.05684
349 -0.05439
350 -0.05315
351 -0.05085
352 -0.04863
353 -0.04755
354 -0.04651
355 -0.04552
356 -0.04453
357 -0.04359
358 -0.04266
359 -0.0406
360 -0.03972
361 -0.03882
362 -0.03681
363 -0.036
364 -0.03401
365 -0.03321
366 -0.03241
367 -0.03051
368 -0.02866
369 -0.02689
370 -0.0251
371 -0.02448
372 -0.02389
373 -0.02219
374 -0.02054
375 -0.02002
376 -0.01951
377 -0.0179
378 -0.01632
379 -0.01589
380 -0.01551
381 -0.01396
382 -0.01358
383 -0.01322
384 -0.01287
385 -0.01141
386 -0.01109
387 -0.01079
388 -0.01051
389 -0.01025
390 -0.00887
391 -0.00866
392 -0.00845
393 -0.00826
394 -0.00809
395 -0.00793
396 -0.00774
397 -0.00759
398 -0.00742
399 -0.00725
400 -0.00708
401 -0.00693
402 -0.00454
403 -0.00444
404 -0.00434
405 -0.00425
406 -0.00416
407 -0.00294
408 -0.00288
409 -0.00282
410 -0.00275
411 -0.00269
412 -0.00264
413 -0.00146
414 -0.00143
415 -0.00141
416 -0.00139
417 -0.00137
418 -0.00135
419 -0.00133
420 -0.00131
421 -0.00128
422 -0.00126
423 -0.00123
424 -0.0012
425 -0.00117
426 -0.00115
427 0
428 0
429 0
430 0
431 0
432 0
433 0
434 0
435 0
436 0
437 0
438 0
439 0
440 0
441 0
442 0
443 0
444 0
445 0
446 0
447 0
448 0
449 0
450 0
451 0
452 0
453 0
454 0
455 0
456 0
457 0
458 0
459 0
460 0
461 0
462 0
463 0
464 0
465 0
466 0
467 0
468 0
469 0
470 0
471 0
472 0
473 0
474 0
475 0
476 0
477 0
478 0
479 0
480 0
481 0
482 0
483 0
484 0
485 0
486 0
487 0
488 0
489 0
490 0
491 0
492 0
493 0
494 0
495 0
496 0
497 0
498 0
499 0
500 0
501 0
502 0
503 0
504 0
505 0
506 0
507 0
508 0
509 0
510 0
511 0
512 0
513 0
514 0
515 0
516 0
517 0
518 0
519 0
520 0
521 0
522 0
523 0
524 0
525 0
526 0
527 0
528 0
529 0
530 0
531 0
532 0
533 0
534 0
535 0
536 0
537 0
538 0
539 0
540 0
541 0
542 0
543 0
544 0
545 0
546 0
547 0
548 0
549 0
550 0
551 0
552 0
553 0
554 0
555 0
556 0
557 0
558 0
559 0
560 0
561 0
562 0
563 0
564 0
565 0
566 0
567 0
568 0
569 0
570 0
571 0
572 0
573 0
574 0
575 0
576 0
577 0
578 0
579 0
580 0
581 0
582 0
583 0
584 0
585 0
586 0
587 0
588 0
589 0
590 0
591 0
592 0
593 0
594 0
595 0
596 0
597 0
598 0
599 0
600 0
601 0
602 0
603 0
604 0
605 0
606 0
607 0
608 0
609 0
610 0
611 0
612 0
613 0
614 0
615 0
616 0
617 0
618 0
619 0
620 0
621 0
622 0
623 0
624 0
625 0
626 0
627 0
628 0
629 0
630 0
631 0
632 0
633 0
634 0
635 0
636 0
637 0
638 0
639 0
640 0
641 0
642 0
643 0
644 0
645 0
646 0
647 0
648 0
649 0
650 0
651 0
652 0
653 0
654 0
655 0
656 0
657 0
658 0
659 0
660 0
661 0
662 0
663 0
664 0
665 0
666 0
667 0
668 0
669 0
670 0
671 0
672 0
673 0
674 0
675 0
676 0
677 0
678 0
679 0
680 0
681 0
682 0
683 0
684 0
685 0
686 0
687 0
688 0
689 0
690 0
691 0
692 0
693 0
694 0
695 0
696 0
697 0
698 0
699 0
700 0
701 0
702 0
703 0
704 0
705 0
706 0
707 0
708 0
709 0
710 0
711 0
712 0
713 0
714 0
715 0
716 0
717 0
718 0
719 0
720 0
721 0
722 0
723 0
724 0
725 0
726 0
727 0
728 0
729 0
730 0
731 0
732 0
733 0
734 0
735 0
736 0
737 0
738 0
739 0
740 0
741 0
742 0
743 0
744 0
745 0
746 0
747 0
748 0
749 0
750 0
