0 0
1 0
2 0.01113
3 0.17266
4 0.66973
5 1.61021
6 3.03573
7 4.99151
8 7.54212
9 10.7014
10 14.4246
11 18.669
12 23.3303
13 28.2567
14 33.2565
15 38.1387
16 42.7141
17 46.9049
18 50.764
19 54.3655
20 57.7003
21 60.7037
22 63.2853
23 65.3724
24 66.9254
25 67.974
26 68.5692
27 68.7243
28 68.4198
29 67.6573
30 66.4203
31 64.6787
32 62.4221
33 59.6637
34 56.4314
35 52.7792
36 48.7428
37 44.3666
38 39.81
39 35.2416
40 30.7137
41 26.2428
42 21.8619
43 17.6263
44 13.6085
45 9.88223
46 6.48772
47 3.39873
48 0.59201
49 -1.9261
50 -4.1345
51 -6.02088
52 -7.64185
53 -9.08121
54 -10.3627
55 -11.4783
56 -12.4574
57 -13.3451
58 -14.166
59 -14.9283
60 -15.6444
61 -16.3373
62 -17.0334
63 -17.7316
64 -18.4036
65 -19.0263
66 -19.5991
67 -20.1093
68 -20.5558
69 -20.9433
70 -21.2136
71 -21.3051
72 -21.2428
73 -21.0499
74 -20.7193
75 -20.2772
76 -19.7727
77 -19.2535
78 -18.7579
79 -18.3204
80 -17.9522
81 -17.6712
82 -17.4795
83 -17.3478
84 -17.2096
85 -17.0016
86 -16.711
87 -16.3408
88 -15.8729
89 -15.3127
90 -14.6603
91 -13.9522
92 -13.2086
93 -12.4415
94 -11.6748
95 -10.9455
96 -10.2797
97 -9.71755
98 -9.28839
99 -9.0051
100 -8.85109
101 -8.80118
102 -8.83799
103 -8.96175
104 -9.16088
105 -9.4354
106 -9.78006
107 -10.1861
108 -10.6499
109 -11.1416
110 -11.6371
111 -12.1307
112 -12.6142
113 -13.0746
114 -13.496
115 -13.8716
116 -14.2055
117 -14.4961
118 -14.7537
119 -14.9764
120 -15.1556
121 -15.2708
122 -15.31
123 -15.281
124 -15.1951
125 -15.0609
126 -14.8791
127 -14.6606
128 -14.4124
129 -14.1149
130 -13.7598
131 -13.3383
132 -12.836
133 -12.2574
134 -11.6196
135 -10.9354
136 -10.2112
137 -9.47722
138 -8.75329
139 -8.05547
140 -7.40284
141 -6.78419
142 -6.20453
143 -5.6756
144 -5.18276
145 -4.70847
146 -4.22583
147 -3.74307
148 -3.28104
149 -2.85635
150 -2.4941
151 -2.20175
152 -1.98758
153 -1.85734
154 -1.81042
155 -1.84381
156 -1.95884
157 -2.15391
158 -2.41688
159 -2.73582
160 -3.10164
161 -3.50238
162 -3.93202
163 -4.37682
164 -4.82411
165 -5.24432
166 -5.61851
167 -5.94278
168 -6.21987
169 -6.45454
170 -6.65025
171 -6.80606
172 -6.9273
173 -7.01337
174 -7.06574
175 -7.08923
176 -7.0863
177 -7.05431
178 -6.99734
179 -6.91697
180 -6.81479
181 -6.69202
182 -6.54927
183 -6.38914
184 -6.21657
185 -6.03117
186 -5.83509
187 -5.63074
188 -5.41897
189 -5.20634
190 -4.97448
191 -4.7101
192 -4.41983
193 -4.11699
194 -3.81427
195 -3.51685
196 -3.22918
197 -2.95704
198 -2.70442
199 -2.47695
200 -2.27614
201 -2.10382
202 -1.96
203 -1.84583
204 -1.75847
205 -1.69707
206 -1.6612
207 -1.64482
208 -1.64912
209 -1.67141
210 -1.70617
211 -1.75129
212 -1.80576
213 -1.86722
214 -1.93401
215 -2.00331
216 -2.07235
217 -2.13921
218 -2.20331
219 -2.26372
220 -2.31757
221 -2.36422
222 -2.40238
223 -2.43138
224 -2.45042
225 -2.45904
226 -2.45793
227 -2.44732
228 -2.42683
229 -2.39654
230 -2.35755
231 -2.31051
232 -2.25451
233 -2.19358
234 -2.12779
235 -2.05751
236 -1.98247
237 -1.90392
238 -1.82449
239 -1.74514
240 -1.66574
241 -1.58621
242 -1.50706
243 -1.43047
244 -1.3567
245 -1.28625
246 -1.21913
247 -1.15539
248 -1.09594
249 -1.04052
250 -0.98941
251 -0.93486
252 -0.88707
253 -0.84486
254 -0.80705
255 -0.77078
256 -0.7374
257 -0.71012
258 -0.68654
259 -0.66376
260 -0.64815
261 -0.63372
262 -0.62342
263 -0.61501
264 -0.60946
265 -0.60061
266 -0.58923
267 -0.57965
268 -0.57483
269 -0.56767
270 -0.56368
271 -0.55845
272 -0.55179
273 -0.54333
274 -0.53438
275 -0.52687
276 -0.51856
277 -0.50718
278 -0.49981
279 -0.4905
280 -0.47917
281 -0.46937
282 -0.4566
283 -0.44434
284 -0.43281
285 -0.41961
286 -0.40135
287 -0.38387
288 -0.37207
289 -0.35801
290 -0.34286
291 -0.32886
292 -0.31262
293 -0.29757
294 -0.28276
295 -0.27044
296 -0.25748
297 -0.24509
298 -0.23105
299 -0.21984
300 -0.21151
301 -0.20355
302 -0.19269
303 -0.18476
304 -0.17725
305 -0.17138
306 -0.16483
307 -0.15879
308 -0.1532
309 -0.14922
310 -0.14572
311 -0.14136
312 -0.13717
313 -0.1333
314 -0.12958
315 -0.12608
316 -0.12392
317 -0.12088
318 -0.11572
319 -0.11181
320 -0.11034
321 -0.10779
322 -0.1042
323 -0.10289
324 -0.10165
325 -0.10036
326 -0.09895
327 -0.09745
328 -0.0959
329 -0.09422
330 -0.09144
331 -0.08965
332 -0.08445
333 -0.08041
334 -0.07859
335 -0.07453
336 -0.07159
337 -0.06867
338 -0.06574
339 -0.06399
340 -0.0599
341 -0.05818
342 -0.05529
343 -0.05362
344 -0.05196
345 -0.05036
346 -0.04879
347 -0.04726
348 -0.04459
349 -0.04316
350 -0.04067
351 -0.03934
352 -0.03806
353 -0.03682
354 -0.03565
355 -0.03459
356 -0.03356
357 -0.03147
358 -0.03057
359 -0.02975
360 -0.02898
361 -0.02714
362 -0.02647
363 -0.02582
364 -0.02524
365 -0.02468
366 -0.02414
367 -0.02364
368 -0.02317
369 -0.0216
370 -0.02118
371 -0.02079
372 -0.02038
373 -0.01997
374 -0.01959
375 -0.01921
376 -0.01882
377 -0.01731
378 -0.01698
379 -0.01553
380 -0.01412
381 -0.01385
382 -0.01361
383 -0.01223
384 -0.012
385 -0.01176
386 -0.01151
387 -0.01125
388 -0.011
389 -0.00961
390 -0.00936
391 -0.00912
392 -0.00775
393 -0.00641
394 -0.0051
395 -0.00494
396 -0.00479
397 -0.00464
398 -0.0045
399 -0.00437
400 -0.00424
401 -0.00412
402 -0.004
403 -0.00389
404 -0.00379
405 -0.00371
406 -0.00362
407 -0.00352
408 -0.00344
409 -0.00335
410 -0.00326
411 -0.00317
412 -0.00309
413 -0.00189
414 -0.00184
415 -0.00179
416 -0.00175
417 -0.0017
418 -0.00166
419 -0.00162
420 -0.00159
421 -0.00155
422 -0.00152
423 -0.00149
424 -0.00146
425 -0.00143
426 -0.00141
427 -0.00139
428 -0.00137
429 -0.00135
430 -0.00133
431 -0.00131
432 -0.00128
433 -0.00126
434 -0.00123
435 -0.0012
436 -0.00117
437 -0.00115
438 0
439 0
440 0
441 0
442 0
443 0
444 0
445 0
446 0
447 0
448 0
449 0
450 0
451 0
452 0
453 0
454 0
455 0
456 0
457 0
458 0
459 0
460 0
461 0
462 0
463 0
464 0
465 0
466 0
467 0
468 0
469 0
470 0
471 0
472 0
473 0
474 0
475 0
476 0
477 0
478 0
479 0
480 0
481 0
482 0
483 0
484 0
485 0
486 0
487 0
488 0
489 0
490 0
491 0
492 0
493 0
494 0
495 0
496 0
497 0
498 0
499 0
500 0
501 0
502 0
503 0
504 0
505 0
506 0
507 0
508 0
509 0
510 0
511 0
512 0
513 0
514 0
515 0
516 0
517 0
518 0
519 0
520 0
521 0
522 0
523 0
524 0
525 0
526 0
527 0
528 0
529 0
530 0
531 0
532 0
533 0
534 0
535 0
536 0
537 0
538 0
539 0
540 0
541 0
542 0
543 0
544 0
545 0
546 0
547 0
548 0
549 0
550 0
551 0
552 0
553 0
554 0
555 0
556 0
557 0
558 0
559 0
560 0
561 0
562 0
563 0
564 0
565 0
566 0
567 0
568 0
569 0
570 0
571 0
572 0
573 0
574 0
575 0
576 0
577 0
578 0
579 0
580 0
581 0
582 0
583 0
584 0
585 0
586 0
587 0
588 0
589 0
590 0
591 0
592 0
593 0
594 0
595 0
596 0
597 0
598 0
599 0
600 0
601 0
602 0
603 0
604 0
605 0
606 0
607 0
608 0
609 0
610 0
611 0
612 0
613 0
614 0
615 0
616 0
617 0
618 0
619 0
620 0
621 0
622 0
623 0
624 0
625 0
626 0
627 0
628 0
629 0
630 0
631 0
632 0
633 0
634 0
635 0
636 0
637 0
638 0
639 0
640 0
641 0
642 0
643 0
644 0
645 0
646 0
647 0
648 0
649 0
650 0
651 0
652 0
653 0
654 0
655 0
656 0
657 0
658 0
659 0
660 0
661 0
662 0
663 0
664 0
665 0
666 0
667 0
668 0
669 0
670 0
671 0
672 0
673 0
674 0
675 0
676 0
677 0
678 0
679 0
680 0
681 0
682 0
683 0
684 0
685 0
686 0
687 0
688 0
689 0
690 0
691 0
692 0
693 0
694 0
695 0
696 0
697 0
698 0
699 0
700 0
701 0
702 0
703 0
704 0
705 0
706 0
707 0
708 0
709 0
710 0
711 0
712 0
713 0
714 0
715 0
716 0
717 0
718 0
719 0
720 0
721 0
722 0
723 0
724 0
725 0
726 0
727 0
728 0
729 0
730 0
731 0
732 0
733 0
734 0
735 0
736 0
737 0
738 0
739 0
740 0
741 0
742 0
743 0
744 0
745 0
746 0
747 0
748 0
749 0
750 0
