0 0
1 0
2 0.00477
3 0.07854
4 0.35471
5 0.92637
6 1.88353
7 3.30517
8 5.30381
9 7.91996
10 11.0168
11 14.3936
12 17.911
13 21.4694
14 24.9686
15 28.3121
16 31.4035
17 34.1784
18 36.6515
19 38.8563
20 40.8245
21 42.5281
22 43.9311
23 44.9805
24 45.6155
25 45.8149
26 45.6395
27 45.1269
28 44.2788
29 43.0827
30 41.4903
31 39.505
32 37.1478
33 34.4249
34 31.3597
35 28.0082
36 24.4637
37 20.7811
38 17.0128
39 13.1841
40 9.3243
41 5.49175
42 1.73704
43 -1.8823
44 -5.29278
45 -8.43613
46 -11.3049
47 -13.8587
48 -16.039
49 -17.8065
50 -19.1425
51 -20.0737
52 -20.6457
53 -20.8936
54 -20.8246
55 -20.4288
56 -19.7396
57 -18.8358
58 -17.7798
59 -16.6312
60 -15.4479
61 -14.2553
62 -13.0897
63 -11.9377
64 -10.7868
65 -9.6604
66 -8.59045
67 -7.60474
68 -6.72754
69 -5.98695
70 -5.38856
71 -4.94093
72 -4.64445
73 -4.49458
74 -4.49248
75 -4.62719
76 -4.89475
77 -5.27196
78 -5.73988
79 -6.28968
80 -6.90115
81 -7.55501
82 -8.23022
83 -8.9042
84 -9.57517
85 -10.2273
86 -10.8419
87 -11.411
88 -11.9222
89 -12.3473
90 -12.6563
91 -12.8318
92 -12.8924
93 -12.8457
94 -12.71
95 -12.4977
96 -12.2226
97 -11.8961
98 -11.5334
99 -11.142
100 -10.7292
101 -10.3005
102 -9.86496
103 -9.41278
104 -8.93658
105 -8.44046
106 -7.92145
107 -7.37437
108 -6.81806
109 -6.26572
110 -5.73091
111 -5.22838
112 -4.76696
113 -4.35439
114 -3.99586
115 -3.69146
116 -3.44545
117 -3.25897
118 -3.12943
119 -3.0556
120 -3.02802
121 -3.04538
122 -3.09883
123 -3.17838
124 -3.24467
125 -3.26681
126 -3.22682
127 -3.12854
128 -2.9893
129 -2.82499
130 -2.65273
131 -2.4838
132 -2.32957
133 -2.1976
134 -2.07329
135 -1.95038
136 -1.8307
137 -1.73017
138 -1.65343
139 -1.60584
140 -1.58919
141 -1.59904
142 -1.63856
143 -1.70473
144 -1.79341
145 -1.90422
146 -2.03637
147 -2.18554
148 -2.34748
149 -2.51753
150 -2.69338
151 -2.86927
152 -3.02313
153 -3.13969
154 -3.21885
155 -3.27009
156 -3.29838
157 -3.3057
158 -3.29603
159 -3.27359
160 -3.24228
161 -3.20574
162 -3.16459
163 -3.1216
164 -3.07704
165 -3.03144
166 -2.96164
167 -2.86184
168 -2.73617
169 -2.59297
170 -2.43846
171 -2.27982
172 -2.12205
173 -1.97168
174 -1.83418
175 -1.70934
176 -1.59684
177 -1.50322
178 -1.40813
179 -1.3012
180 -1.18348
181 -1.06403
182 -0.95295
183 -0.85248
184 -0.76701
185 -0.69657
186 -0.64173
187 -0.60773
188 -0.59452
189 -0.60226
190 -0.62892
191 -0.67348
192 -0.73412
193 -0.80851
194 -0.89387
195 -0.98888
196 -1.09049
197 -1.1964
198 -1.30047
199 -1.40162
200 -1.50154
201 -1.59598
202 -1.68393
203 -1.76338
204 -1.83279
205 -1.89245
206 -1.94185
207 -1.98162
208 -2.00836
209 -2.02508
210 -2.03174
211 -2.0271
212 -2.01123
213 -1.98421
214 -1.9484
215 -1.90531
216 -1.85512
217 -1.79742
218 -1.73336
219 -1.66536
220 -1.59251
221 -1.51825
222 -1.44328
223 -1.36756
224 -1.29124
225 -1.21513
226 -1.14171
227 -1.07116
228 -1.00374
229 -0.93933
230 -0.87774
231 -0.82056
232 -0.76858
233 -0.72132
234 -0.67877
235 -0.63991
236 -0.60576
237 -0.57603
238 -0.5504
239 -0.52899
240 -0.51138
241 -0.49739
242 -0.48638
243 -0.47854
244 -0.4734
245 -0.47004
246 -0.46842
247 -0.46816
248 -0.46883
249 -0.47025
250 -0.47221
251 -0.47133
252 -0.46822
253 -0.46817
254 -0.46317
255 -0.45996
256 -0.45021
257 -0.44544
258 -0.44458
259 -0.44198
260 -0.43622
261 -0.4305
262 -0.42353
263 -0.41536
264 -0.40749
265 -0.39661
266 -0.38386
267 -0.36936
268 -0.35635
269 -0.34412
270 -0.3304
271 -0.31989
272 -0.30691
273 -0.29486
274 -0.27801
275 -0.26559
276 -0.25221
277 -0.24041
278 -0.23013
279 -0.21931
280 -0.20879
281 -0.19965
282 -0.19094
283 -0.18052
284 -0.17178
285 -0.1637
286 -0.15732
287 -0.15146
288 -0.14593
289 -0.13975
290 -0.13513
291 -0.13009
292 -0.12428
293 -0.12113
294 -0.11828
295 -0.11237
296 -0.10907
297 -0.10491
298 -0.10228
299 -0.09983
300 -0.09872
301 -0.09657
302 -0.09452
303 -0.09026
304 -0.08954
305 -0.08882
306 -0.08803
307 -0.08707
308 -0.08611
309 -0.08395
310 -0.08287
311 -0.07952
312 -0.07843
313 -0.07614
314 -0.07486
315 -0.07345
316 -0.07193
317 -0.07037
318 -0.06876
319 -0.06707
320 -0.06535
321 -0.06366
322 -0.06195
323 -0.06021
324 -0.05847
325 -0.05668
326 -0.05494
327 -0.05316
328 -0.05138
329 -0.0496
330 -0.0479
331 -0.04628
332 -0.04473
333 -0.04325
334 -0.0418
335 -0.04041
336 -0.03907
337 -0.03667
338 -0.03436
339 -0.03331
340 -0.03231
341 -0.03136
342 -0.0305
343 -0.02973
344 -0.02901
345 -0.02831
346 -0.02763
347 -0.027
348 -0.02637
349 -0.02579
350 -0.02526
351 -0.02358
352 -0.02311
353 -0.02265
354 -0.02112
355 -0.02071
356 -0.02035
357 -0.01997
358 -0.01963
359 -0.01927
360 -0.01892
361 -0.01857
362 -0.01824
363 -0.0179
364 -0.01755
365 -0.0172
366 -0.01684
367 -0.01651
368 -0.01613
369 -0.01574
370 -0.01538
371 -0.01502
372 -0.01241
373 -0.0121
374 -0.01067
375 -0.0104
376 -0.01012
377 -0.00984
378 -0.00956
379 -0.00927
380 -0.009
381 -0.00875
382 -0.00738
383 -0.00714
384 -0.00694
385 -0.00673
386 -0.00653
387 -0.00634
388 -0.00616
389 -0.00599
390 -0.00582
391 -0.00566
392 -0.00552
393 -0.00539
394 -0.00525
395 -0.00512
396 -0.005
397 -0.00487
398 -0.00475
399 -0.00464
400 -0.0034
401 -0.00332
402 -0.00325
403 -0.00318
404 -0.00312
405 -0.00305
406 -0.00299
407 -0.00293
408 -0.00287
409 -0.00281
410 -0.00275
411 -0.00269
412 -0.00263
413 -0.00258
414 -0.00141
415 -0.00139
416 -0.00137
417 -0.00135
418 -0.00133
419 -0.00131
420 -0.00128
421 -0.00126
422 -0.00123
423 -0.0012
424 -0.00117
425 -0.00115
426 0
427 0
428 0
429 0
430 0
431 0
432 0
433 0
434 0
435 0
436 0
437 0
438 0
439 0
440 0
441 0
442 0
443 0
444 0
445 0
446 0
447 0
448 0
449 0
450 0
451 0
452 0
453 0
454 0
455 0
456 0
457 0
458 0
459 0
460 0
461 0
462 0
463 0
464 0
465 0
466 0
467 0
468 0
469 0
470 0
471 0
472 0
473 0
474 0
475 0
476 0
477 0
478 0
479 0
480 0
481 0
482 0
483 0
484 0
485 0
486 0
487 0
488 0
489 0
490 0
491 0
492 0
493 0
494 0
495 0
496 0
497 0
498 0
499 0
500 0
501 0
502 0
503 0
504 0
505 0
506 0
507 0
508 0
509 0
510 0
511 0
512 0
513 0
514 0
515 0
516 0
517 0
518 0
519 0
520 0
521 0
522 0
523 0
524 0
525 0
526 0
527 0
528 0
529 0
530 0
531 0
532 0
533 0
534 0
535 0
536 0
537 0
538 0
539 0
540 0
541 0
542 0
543 0
544 0
545 0
546 0
547 0
548 0
549 0
550 0
551 0
552 0
553 0
554 0
555 0
556 0
557 0
558 0
559 0
560 0
561 0
562 0
563 0
564 0
565 0
566 0
567 0
568 0
569 0
570 0
571 0
572 0
573 0
574 0
575 0
576 0
577 0
578 0
579 0
580 0
581 0
582 0
583 0
584 0
585 0
586 0
587 0
588 0
589 0
590 0
591 0
592 0
593 0
594 0
595 0
596 0
597 0
598 0
599 0
600 0
601 0
602 0
603 0
604 0
605 0
606 0
607 0
608 0
609 0
610 0
611 0
612 0
613 0
614 0
615 0
616 0
617 0
618 0
619 0
620 0
621 0
622 0
623 0
624 0
625 0
626 0
627 0
628 0
629 0
630 0
631 0
632 0
633 0
634 0
635 0
636 0
637 0
638 0
639 0
640 0
641 0
642 0
643 0
644 0
645 0
646 0
647 0
648 0
649 0
650 0
651 0
652 0
653 0
654 0
655 0
656 0
657 0
658 0
659 0
660 0
661 0
662 0
663 0
664 0
665 0
666 0
667 0
668 0
669 0
670 0
671 0
672 0
673 0
674 0
675 0
676 0
677 0
678 0
679 0
680 0
681 0
682 0
683 0
684 0
685 0
686 0
687 0
688 0
689 0
690 0
691 0
692 0
693 0
694 0
695 0
696 0
697 0
698 0
699 0
700 0
701 0
702 0
703 0
704 0
705 0
706 0
707 0
708 0
709 0
710 0
711 0
712 0
713 0
714 0
715 0
716 0
717 0
718 0
719 0
720 0
721 0
722 0
723 0
724 0
725 0
726 0
727 0
728 0
729 0
730 0
731 0
732 0
733 0
734 0
735 0
736 0
737 0
738 0
739 0
740 0
741 0
742 0
743 0
744 0
745 0
746 0
747 0
748 0
749 0
750 0
