0 0
1 0.00318
2 0.06773
3 0.47294
4 1.50771
5 3.29639
6 5.85813
7 9.1642
8 13.1274
9 17.6581
10 22.7192
11 28.273
12 34.2432
13 40.4986
14 46.9215
15 53.3663
16 59.7123
17 65.9218
18 71.888
19 77.4558
20 82.5073
21 86.9651
22 90.7904
23 93.8882
24 96.1347
25 97.4113
26 97.6673
27 96.8786
28 95.0672
29 92.269
30 88.52
31 83.9284
32 78.5568
33 72.5589
34 66.0735
35 59.2524
36 52.2327
37 45.0604
38 37.7626
39 30.428
40 23.1582
41 16.0357
42 9.13128
43 2.5114
44 -3.74482
45 -9.5622
46 -14.9672
47 -19.8512
48 -24.0978
49 -27.6656
50 -30.5523
51 -32.8067
52 -34.4404
53 -35.5153
54 -36.0783
55 -36.188
56 -35.8602
57 -35.1334
58 -34.0555
59 -32.6432
60 -30.9593
61 -29.0153
62 -26.8353
63 -24.4809
64 -22.027
65 -19.534
66 -17.0192
67 -14.5434
68 -12.1343
69 -9.82789
70 -7.68243
71 -5.7654
72 -4.14353
73 -2.79603
74 -1.74536
75 -0.99726
76 -0.57999
77 -0.4718
78 -0.65246
79 -1.11551
80 -1.85513
81 -2.84944
82 -4.06101
83 -5.46623
84 -7.02491
85 -8.65129
86 -10.2817
87 -11.8967
88 -13.4848
89 -15.0143
90 -16.4846
91 -17.8688
92 -19.1173
93 -20.2061
94 -21.1451
95 -21.9689
96 -22.6706
97 -23.2521
98 -23.7167
99 -24.0397
100 -24.2152
101 -24.2571
102 -24.1982
103 -24.0163
104 -23.7046
105 -23.2702
106 -22.7229
107 -22.0757
108 -21.3277
109 -20.4845
110 -19.549
111 -18.5438
112 -17.5151
113 -16.4996
114 -15.5358
115 -14.6392
116 -13.8373
117 -13.1423
118 -12.5602
119 -12.091
120 -11.7336
121 -11.4977
122 -11.3668
123 -11.329
124 -11.3748
125 -11.4885
126 -11.646
127 -11.8157
128 -11.995
129 -12.1795
130 -12.3475
131 -12.4804
132 -12.5816
133 -12.6567
134 -12.712
135 -12.7501
136 -12.7721
137 -12.755
138 -12.6668
139 -12.5069
140 -12.2891
141 -12.0268
142 -11.7157
143 -11.3542
144 -10.9545
145 -10.5322
146 -10.108
147 -9.69346
148 -9.30147
149 -8.93326
150 -8.59503
151 -8.29299
152 -8.03059
153 -7.81072
154 -7.62874
155 -7.48108
156 -7.36571
157 -7.28074
158 -7.22408
159 -7.1905
160 -7.17586
161 -7.17516
162 -7.18377
163 -7.20032
164 -7.22169
165 -7.24321
166 -7.26328
167 -7.27928
168 -7.26663
169 -7.2148
170 -7.12424
171 -7.00337
172 -6.8564
173 -6.69392
174 -6.5206
175 -6.33937
176 -6.15279
177 -5.96257
178 -5.75431
179 -5.51945
180 -5.2622
181 -4.97772
182 -4.65916
183 -4.31872
184 -3.97086
185 -3.62975
186 -3.30815
187 -3.0116
188 -2.74244
189 -2.50775
190 -2.31292
191 -2.14056
192 -1.97905
193 -1.82924
194 -1.70049
195 -1.59592
196 -1.52149
197 -1.47833
198 -1.46307
199 -1.47753
200 -1.52193
201 -1.58973
202 -1.68291
203 -1.79898
204 -1.93257
205 -2.08012
206 -2.23677
207 -2.40156
208 -2.56745
209 -2.73293
210 -2.89194
211 -3.04203
212 -3.18343
213 -3.31186
214 -3.42198
215 -3.51453
216 -3.59042
217 -3.64761
218 -3.68688
219 -3.70718
220 -3.70646
221 -3.68878
222 -3.65582
223 -3.60551
224 -3.53972
225 -3.45975
226 -3.36872
227 -3.26604
228 -3.15342
229 -3.03392
230 -2.90813
231 -2.77909
232 -2.64713
233 -2.51195
234 -2.37853
235 -2.24791
236 -2.12095
237 -1.997
238 -1.87633
239 -1.76307
240 -1.65675
241 -1.55778
242 -1.46617
243 -1.38137
244 -1.30518
245 -1.23671
246 -1.17663
247 -1.12311
248 -1.07634
249 -1.03675
250 -1.00163
251 -0.96003
252 -0.93085
253 -0.90766
254 -0.88885
255 -0.87386
256 -0.86432
257 -0.85535
258 -0.84564
259 -0.83899
260 -0.83315
261 -0.83048
262 -0.82339
263 -0.82312
264 -0.81533
265 -0.80796
266 -0.80266
267 -0.79607
268 -0.78816
269 -0.77645
270 -0.76437
271 -0.75465
272 -0.74148
273 -0.72899
274 -0.71501
275 -0.69712
276 -0.68038
277 -0.66121
278 -0.64307
279 -0.61953
280 -0.60109
281 -0.57516
282 -0.55477
283 -0.52868
284 -0.50823
285 -0.48786
286 -0.46771
287 -0.44676
288 -0.42498
289 -0.40721
290 -0.38661
291 -0.36944
292 -0.35051
293 -0.3347
294 -0.32095
295 -0.30147
296 -0.28634
297 -0.27456
298 -0.26152
299 -0.25164
300 -0.24034
301 -0.23321
302 -0.2246
303 -0.21777
304 -0.20949
305 -0.2029
306 -0.19798
307 -0.19013
308 -0.18721
309 -0.17889
310 -0.17539
311 -0.17113
312 -0.16806
313 -0.16296
314 -0.15911
315 -0.15759
316 -0.15157
317 -0.14902
318 -0.14641
319 -0.1447
320 -0.14171
321 -0.13757
322 -0.13443
323 -0.13234
324 -0.12905
325 -0.12567
326 -0.12221
327 -0.1197
328 -0.11701
329 -0.11309
330 -0.11017
331 -0.10605
332 -0.103
333 -0.09663
334 -0.09373
335 -0.08976
336 -0.08695
337 -0.08306
338 -0.08031
339 -0.07653
340 -0.07168
341 -0.06912
342 -0.06667
343 -0.06433
344 -0.06101
345 -0.05892
346 -0.05706
347 -0.05298
348 -0.05132
349 -0.04969
350 -0.04819
351 -0.04449
352 -0.04323
353 -0.04091
354 -0.0398
355 -0.03767
356 -0.03572
357 -0.03385
358 -0.03204
359 -0.03141
360 -0.03083
361 -0.03026
362 -0.02972
363 -0.02921
364 -0.02869
365 -0.02822
366 -0.02777
367 -0.02734
368 -0.02691
369 -0.02647
370 -0.02605
371 -0.0256
372 -0.02514
373 -0.02468
374 -0.02311
375 -0.02266
376 -0.02222
377 -0.02177
378 -0.0202
379 -0.01975
380 -0.01929
381 -0.01882
382 -0.01834
383 -0.01788
384 -0.01741
385 -0.01582
386 -0.01425
387 -0.01386
388 -0.01345
389 -0.01306
390 -0.01154
391 -0.01119
392 -0.01084
393 -0.01051
394 -0.01018
395 -0.00986
396 -0.00957
397 -0.00929
398 -0.00901
399 -0.00874
400 -0.00849
401 -0.00825
402 -0.00801
403 -0.00777
404 -0.00757
405 -0.00737
406 -0.0072
407 -0.00703
408 -0.00686
409 -0.0067
410 -0.00654
411 -0.0064
412 -0.00624
413 -0.00609
414 -0.00596
415 -0.00584
416 -0.00459
417 -0.00451
418 -0.00442
419 -0.00434
420 -0.00425
421 -0.00418
422 -0.00409
423 -0.004
424 -0.00392
425 -0.00384
426 -0.00263
427 -0.00258
428 -0.00254
429 -0.00137
430 -0.00135
431 -0.00133
432 -0.00131
433 -0.00128
434 -0.00126
435 -0.00123
436 -0.0012
437 -0.00117
438 -0.00115
439 0
440 0
441 0
442 0
443 0
444 0
445 0
446 0
447 0
448 0
449 0
450 0
451 0
452 0
453 0
454 0
455 0
456 0
457 0
458 0
459 0
460 0
461 0
462 0
463 0
464 0
465 0
466 0
467 0
468 0
469 0
470 0
471 0
472 0
473 0
474 0
475 0
476 0
477 0
478 0
479 0
480 0
481 0
482 0
483 0
484 0
485 0
486 0
487 0
488 0
489 0
490 0
491 0
492 0
493 0
494 0
495 0
496 0
497 0
498 0
499 0
500 0
501 0
502 0
503 0
504 0
505 0
506 0
507 0
508 0
509 0
510 0
511 0
512 0
513 0
514 0
515 0
516 0
517 0
518 0
519 0
520 0
521 0
522 0
523 0
524 0
525 0
526 0
527 0
528 0
529 0
530 0
531 0
532 0
533 0
534 0
535 0
536 0
537 0
538 0
539 0
540 0
541 0
542 0
543 0
544 0
545 0
546 0
547 0
548 0
549 0
550 0
551 0
552 0
553 0
554 0
555 0
556 0
557 0
558 0
559 0
560 0
561 0
562 0
563 0
564 0
565 0
566 0
567 0
568 0
569 0
570 0
571 0
572 0
573 0
574 0
575 0
576 0
577 0
578 0
579 0
580 0
581 0
582 0
583 0
584 0
585 0
586 0
587 0
588 0
589 0
590 0
591 0
592 0
593 0
594 0
595 0
596 0
597 0
598 0
599 0
600 0
601 0
602 0
603 0
604 0
605 0
606 0
607 0
608 0
609 0
610 0
611 0
612 0
613 0
614 0
615 0
616 0
617 0
618 0
619 0
620 0
621 0
622 0
623 0
624 0
625 0
626 0
627 0
628 0
629 0
630 0
631 0
632 0
633 0
634 0
635 0
636 0
637 0
638 0
639 0
640 0
641 0
642 0
643 0
644 0
645 0
646 0
647 0
648 0
649 0
650 0
651 0
652 0
653 0
654 0
655 0
656 0
657 0
658 0
659 0
660 0
661 0
662 0
663 0
664 0
665 0
666 0
667 0
668 0
669 0
670 0
671 0
672 0
673 0
674 0
675 0
676 0
677 0
678 0
679 0
680 0
681 0
682 0
683 0
684 0
685 0
686 0
687 0
688 0
689 0
690 0
691 0
692 0
693 0
694 0
695 0
696 0
697 0
698 0
699 0
700 0
701 0
702 0
703 0
704 0
705 0
706 0
707 0
708 0
709 0
710 0
711 0
712 0
713 0
714 0
715 0
716 0
717 0
718 0
719 0
720 0
721 0
722 0
723 0
724 0
725 0
726 0
727 0
728 0
729 0
730 0
731 0
732 0
733 0
734 0
735 0
736 0
737 0
738 0
739 0
740 0
741 0
742 0
743 0
744 0
745 0
746 0
747 0
748 0
749 0
750 0
