250.0000 0.0100
300.0000 0.0585
302.5316 0.0904
306.3291 0.1500
313.2911 0.2419
320.8861 0.3525
329.1139 0.4778
337.3418 0.6112
344.9367 0.8047
352.5316 1.0908
360.1266 1.3953
368.9873 1.8912
377.8481 2.4902
385.4430 3.0943
397.4684 4.1338
413.2911 5.6031
427.8481 7.7054
441.7722 9.0360
454.4304 10.1459
470.8861 12.0715
486.7089 13.3594
501.2658 15.0003
519.6203 16.3620
536.0759 18.3718
557.5949 19.7514
576.5823 20.0395
597.4684 22.1775
620.8861 22.8292
641.1392 23.5001
664.5570 25.6333
689.2405 28.3681
800.0000 30.0000
1000.000 32.0000