0	0.0
1E-9	0.0207
2E-9	0.08286
3E-9	0.1661
4E-9	0.25745
5E-9	0.35261
6E-9	0.44888
7E-9	0.54442
8E-9	0.63738
9E-9	0.72731
1E-8	0.80877
1.1E-8	0.87808
1.2E-8	0.93426
1.3E-8	0.97653
1.4E-8	0.99771
1.5E-8	1.00001
1.6E-8	0.98319
1.7E-8	0.95133
1.8E-8	0.90512
1.9E-8	0.85206
2E-8	0.79096
2.1E-8	0.72321
2.2E-8	0.64854
2.3E-8	0.57261
2.4E-8	0.49602
2.5E-8	0.41877
2.6E-8	0.34091
2.7E-8	0.26302
2.8E-8	0.18776
2.9E-8	0.11536
3E-8	0.04592
3.1E-8	-0.01902
3.2E-8	-0.0789
3.3E-8	-0.13218
3.4E-8	-0.17907
3.5E-8	-0.21879
3.6E-8	-0.25017
3.7E-8	-0.27425
3.8E-8	-0.28979
3.9E-8	-0.29856
4E-8	-0.30144
4.1E-8	-0.2975
4.2E-8	-0.28737
4.3E-8	-0.27244
4.4E-8	-0.25438
4.5E-8	-0.23382
4.6E-8	-0.21048
4.7E-8	-0.18474
4.8E-8	-0.15829
4.9E-8	-0.13202
5E-8	-0.10593
5.1E-8	-0.08004
5.2E-8	-0.05491
5.3E-8	-0.03178
5.4E-8	-0.01048
5.5E-8	0.00898
5.6E-8	0.02632
5.7E-8	0.04154
5.8E-8	0.05406
5.9E-8	0.06437
6E-8	0.07247
6.1E-8	0.07832
6.2E-8	0.08198
6.3E-8	0.08348
6.4E-8	0.08297
6.5E-8	0.081
6.6E-8	0.07785
6.7E-8	0.07353
6.8E-8	0.06811
6.9E-8	0.06165
7E-8	0.05464
7.1E-8	0.04754
7.2E-8	0.04036
7.3E-8	0.03309
7.4E-8	0.02573
7.5E-8	0.01854
7.6E-8	0.01169
7.7E-8	0.00554
7.8E-8	3.53263E-5
7.9E-8	-0.00494
8E-8	-0.00939
8.1E-8	-0.01307
8.2E-8	-0.01617
8.3E-8	-0.01874
8.4E-8	-0.02078
8.5E-8	-0.02184
8.6E-8	-0.02248
8.7E-8	-0.0227
8.8E-8	-0.0225
8.9E-8	-0.02188
9E-8	-0.02084
9.1E-8	-0.01939
9.2E-8	-0.01761
9.3E-8	-0.0157
9.4E-8	-0.0138
9.5E-8	-0.01188
9.6E-8	-0.00997
9.7E-8	-0.00805
9.8E-8	-0.00613
9.9E-8	-0.00421
1E-7	-0.00233
1.01E-7	-7.87237E-4
1.02E-7	6.85891E-4
1.03E-7	0.00193
1.04E-7	0.00306
1.05E-7	0.00399
1.06E-7	0.00479
1.07E-7	0.00542
1.08E-7	0.00587
1.09E-7	0.00619
1.1E-7	0.0063
1.11E-7	0.00632
1.12E-7	0.00609
1.13E-7	0.00581
1.14E-7	0.00535
1.15E-7	0.00488
1.16E-7	0.0044
1.17E-7	0.00392
1.18E-7	0.00344
1.19E-7	0.00296
1.2E-7	0.00248
1.21E-7	0.00199
1.22E-7	0.0015
1.23E-7	0.00101
1.24E-7	5.16498E-4
1.25E-7	2.13089E-5
1.26E-7	-3.68585E-4
1.27E-7	-6.46819E-4
1.28E-7	-9.13295E-4
1.29E-7	-0.00111
1.3E-7	-0.00131
1.31E-7	-0.00145
1.32E-7	-0.00157
1.33E-7	-0.00165
1.34E-7	-0.00169
1.35E-7	-0.00172
1.36E-7	-0.00168
1.37E-7	-0.00164
1.38E-7	-0.00154
1.39E-7	-0.00142
1.4E-7	-0.00127
1.41E-7	-0.00107
1.42E-7	-8.81402E-4
1.43E-7	-7.46715E-4
1.44E-7	-6.14266E-4
1.45E-7	-4.81818E-4
1.46E-7	-3.49369E-4
1.47E-7	-2.42907E-4
1.48E-7	-1.44284E-4
1.49E-7	-4.56604E-5
1.5E-7	5.29629E-5
1.51E-7	1.29507E-4
1.52E-7	1.94305E-4
1.53E-7	2.59104E-4
1.54E-7	3.23902E-4
1.55E-7	3.70528E-4
1.56E-7	4.01501E-4
1.57E-7	4.32474E-4
1.58E-7	4.63448E-4
1.59E-7	4.80156E-4
1.6E-7	4.77304E-4
1.61E-7	4.74452E-4
1.62E-7	4.716E-4
1.63E-7	4.58391E-4
1.64E-7	4.21714E-4
1.65E-7	3.85037E-4
1.66E-7	3.4836E-4
1.67E-7	3.05232E-4
1.68E-7	2.3473E-4
1.69E-7	1.64228E-4
1.7E-7	9.37259E-5
1.71E-7	2.84904E-5
1.72E-7	2.80482E-5
1.73E-7	2.7606E-5
1.74E-7	2.71637E-5
1.75E-7	2.67215E-5
1.76E-7	2.62792E-5
1.77E-7	2.5837E-5
1.78E-7	2.53947E-5
1.79E-7	2.49525E-5
1.8E-7	2.45103E-5
1.81E-7	2.4068E-5
1.82E-7	2.36258E-5
1.83E-7	2.31835E-5
1.84E-7	2.27413E-5
1.85E-7	2.2299E-5
1.86E-7	2.18568E-5
1.87E-7	2.14145E-5
1.88E-7	2.09723E-5
1.89E-7	2.05301E-5
1.9E-7	2.00878E-5
1.91E-7	1.96456E-5
1.92E-7	1.92033E-5
1.93E-7	1.87611E-5
1.94E-7	1.83188E-5
1.95E-7	1.78766E-5
1.96E-7	1.74344E-5
1.97E-7	1.69921E-5
1.98E-7	1.65499E-5
1.99E-7	1.61076E-5
2E-7	1.56654E-5
2.01E-7	1.52231E-5
2.02E-7	1.47809E-5
2.03E-7	1.43386E-5
2.04E-7	1.38964E-5
2.05E-7	1.34542E-5
2.06E-7	1.30119E-5
2.07E-7	1.25697E-5
2.08E-7	1.21274E-5
2.09E-7	1.16852E-5
2.1E-7	1.12429E-5
2.11E-7	1.08007E-5
2.12E-7	1.03585E-5
2.13E-7	9.91621E-6
2.14E-7	9.47397E-6
2.15E-7	9.03172E-6
2.16E-7	8.75572E-6
2.17E-7	8.57259E-6
2.18E-7	8.38946E-6
2.19E-7	8.20632E-6
2.2E-7	8.02319E-6
2.21E-7	7.84006E-6
2.22E-7	7.65693E-6
2.23E-7	7.4738E-6
2.24E-7	7.29067E-6
2.25E-7	7.10753E-6
2.26E-7	6.9244E-6
2.27E-7	6.74127E-6
2.28E-7	6.55814E-6
2.29E-7	6.37501E-6
2.3E-7	6.19187E-6
2.31E-7	6.00874E-6
2.32E-7	5.82561E-6
2.33E-7	5.64248E-6
2.34E-7	5.45935E-6
2.35E-7	5.27621E-6
2.36E-7	5.09308E-6
2.37E-7	4.90995E-6
2.38E-7	4.72682E-6
2.39E-7	4.54369E-6
2.4E-7	4.36055E-6
2.41E-7	4.17742E-6
2.42E-7	3.99429E-6
2.43E-7	3.81116E-6
2.44E-7	3.62803E-6
2.45E-7	3.44489E-6
2.46E-7	3.26176E-6
2.47E-7	3.07863E-6
2.48E-7	2.8955E-6
2.49E-7	2.71237E-6
2.5E-7	2.58399E-6
