0	0
1E-9	0.00159
2E-9	0.02353
3E-9	0.07796
4E-9	0.15999
5E-9	0.26004
6E-9	0.3696
7E-9	0.48194
8E-9	0.5917
9E-9	0.69445
1E-8	0.78644
1.1E-8	0.86455
1.2E-8	0.92676
1.3E-8	0.97001
1.4E-8	0.99479
1.5E-8	1
1.6E-8	0.98776
1.7E-8	0.95875
1.8E-8	0.91341
1.9E-8	0.85565
2E-8	0.78605
2.1E-8	0.70681
2.2E-8	0.62141
2.3E-8	0.52983
2.4E-8	0.43325
2.5E-8	0.33527
2.6E-8	0.23645
2.7E-8	0.13822
2.8E-8	0.04196
2.9E-8	-0.05114
3E-8	-0.13971
3.1E-8	-0.22338
3.2E-8	-0.30036
3.3E-8	-0.37061
3.4E-8	-0.433
3.5E-8	-0.48664
3.6E-8	-0.53192
3.7E-8	-0.56852
3.8E-8	-0.59622
3.9E-8	-0.61536
4E-8	-0.6262
4.1E-8	-0.62873
4.2E-8	-0.62397
4.3E-8	-0.61294
4.4E-8	-0.59439
4.5E-8	-0.57182
4.6E-8	-0.54549
4.7E-8	-0.51541
4.8E-8	-0.48113
4.9E-8	-0.4436
5E-8	-0.40527
5.1E-8	-0.36682
5.2E-8	-0.32822
5.3E-8	-0.28949
5.4E-8	-0.25065
5.5E-8	-0.21353
5.6E-8	-0.17844
5.7E-8	-0.14562
5.8E-8	-0.11497
5.9E-8	-0.08647
6E-8	-0.06113
6.1E-8	-0.03865
6.2E-8	-0.01922
6.3E-8	-0.00279
6.4E-8	0.01065
6.5E-8	0.0211
6.6E-8	0.02883
6.7E-8	0.03392
6.8E-8	0.03646
6.9E-8	0.03691
7E-8	0.03515
7.1E-8	0.03171
7.2E-8	0.02665
7.3E-8	0.02025
7.4E-8	0.01285
7.5E-8	0.00454
7.6E-8	-0.00437
7.7E-8	-0.0136
7.8E-8	-0.02298
7.9E-8	-0.03248
8E-8	-0.04176
8.1E-8	-0.05053
8.2E-8	-0.05875
8.3E-8	-0.0665
8.4E-8	-0.07363
8.5E-8	-0.07993
8.6E-8	-0.08534
8.7E-8	-0.08987
8.8E-8	-0.09352
8.9E-8	-0.09623
9E-8	-0.09806
9.1E-8	-0.09901
9.2E-8	-0.09896
9.3E-8	-0.09826
9.4E-8	-0.09696
9.5E-8	-0.09505
9.6E-8	-0.09254
9.7E-8	-0.08943
9.8E-8	-0.08571
9.9E-8	-0.08157
1E-7	-0.07724
1.01E-7	-0.07283
1.02E-7	-0.06833
1.03E-7	-0.06375
1.04E-7	-0.05909
1.05E-7	-0.05434
1.06E-7	-0.0497
1.07E-7	-0.04527
1.08E-7	-0.0411
1.09E-7	-0.0372
1.1E-7	-0.03363
1.11E-7	-0.0303
1.12E-7	-0.02723
1.13E-7	-0.02441
1.14E-7	-0.02187
1.15E-7	-0.01978
1.16E-7	-0.01798
1.17E-7	-0.01646
1.18E-7	-0.01523
1.19E-7	-0.01427
1.2E-7	-0.01358
1.21E-7	-0.01318
1.22E-7	-0.01302
1.23E-7	-0.01301
1.24E-7	-0.01313
1.25E-7	-0.01337
1.26E-7	-0.01372
1.27E-7	-0.0142
1.28E-7	-0.01479
1.29E-7	-0.01545
1.3E-7	-0.0161
1.31E-7	-0.01671
1.32E-7	-0.01729
1.33E-7	-0.01782
1.34E-7	-0.01831
1.35E-7	-0.01877
1.36E-7	-0.0192
1.37E-7	-0.01958
1.38E-7	-0.01986
1.39E-7	-0.02003
1.4E-7	-0.02012
1.41E-7	-0.02012
1.42E-7	-0.02005
1.43E-7	-0.01983
1.44E-7	-0.01957
1.45E-7	-0.01926
1.46E-7	-0.01889
1.47E-7	-0.01848
1.48E-7	-0.01802
1.49E-7	-0.01749
1.5E-7	-0.01693
1.51E-7	-0.01632
1.52E-7	-0.01565
1.53E-7	-0.01496
1.54E-7	-0.01426
1.55E-7	-0.01359
1.56E-7	-0.01293
1.57E-7	-0.0123
1.58E-7	-0.0117
1.59E-7	-0.01112
1.6E-7	-0.01055
1.61E-7	-0.01002
1.62E-7	-0.0095
1.63E-7	-0.00902
1.64E-7	-0.00855
1.65E-7	-0.00811
1.66E-7	-0.0077
1.67E-7	-0.00738
1.68E-7	-0.00707
1.69E-7	-0.0068
1.7E-7	-0.00655
1.71E-7	-0.00633
1.72E-7	-0.00613
1.73E-7	-0.00595
1.74E-7	-0.00581
1.75E-7	-0.00568
1.76E-7	-0.00559
1.77E-7	-0.00551
1.78E-7	-0.00547
1.79E-7	-0.00543
1.8E-7	-0.00541
1.81E-7	-0.00539
1.82E-7	-0.00537
1.83E-7	-0.00535
1.84E-7	-0.00531
1.85E-7	-0.00527
1.86E-7	-0.00523
1.87E-7	-0.00519
1.88E-7	-0.00513
1.89E-7	-0.00508
1.9E-7	-0.00502
1.91E-7	-0.00496
1.92E-7	-0.00489
1.93E-7	-0.00481
1.94E-7	-0.00474
1.95E-7	-0.00466
1.96E-7	-0.00457
1.97E-7	-0.00448
1.98E-7	-0.00439
1.99E-7	-0.00429
2E-7	-0.00419
2.01E-7	-0.00408
2.02E-7	-0.00397
2.03E-7	-0.00385
2.04E-7	-0.00373
2.05E-7	-0.0036
2.06E-7	-0.00348
2.07E-7	-0.00335
2.08E-7	-0.00324
2.09E-7	-0.00312
2.1E-7	-0.00301
2.11E-7	-0.00291
2.12E-7	-0.00281
2.13E-7	-0.00271
2.14E-7	-0.00261
2.15E-7	-0.00252
2.16E-7	-0.00244
2.17E-7	-0.00238
2.18E-7	-0.00231
2.19E-7	-0.00224
2.2E-7	-0.00218
2.21E-7	-0.00212
2.22E-7	-0.00206
2.23E-7	-0.002
2.24E-7	-0.00194
2.25E-7	-0.00189
2.26E-7	-0.00184
2.27E-7	-0.00179
2.28E-7	-0.00175
2.29E-7	-0.0017
2.3E-7	-0.00166
2.31E-7	-0.00162
2.32E-7	-0.00159
2.33E-7	-0.00155
2.34E-7	-0.00152
2.35E-7	-0.00149
2.36E-7	-0.00146
2.37E-7	-0.00143
2.38E-7	-0.00141
2.39E-7	-0.00139
2.4E-7	-0.00137
2.41E-7	-0.00135
2.42E-7	-0.00133
2.43E-7	-0.00131
2.44E-7	-0.00128
2.45E-7	-0.00126
2.46E-7	-0.00123
2.47E-7	-0.0012
2.48E-7	-0.00117
2.49E-7	-0.00115
2.5E-7	 0
