250.0000 2.0000
300.0000 1.8900
317.0527 1.8844
318.9116 1.8671
322.0364 1.8498
323.9032 1.8360
327.0300 1.8195
329.5317 1.8065
332.0256 1.7901
333.2635 1.7780
336.3843 1.7590
340.1439 1.7425
342.0028 1.7252
347.0263 1.7079
351.4049 1.6854
357.0533 1.6647
364.6163 1.6508
372.1734 1.6344
384.1649 1.6196
394.2715 1.6110
406.2828 1.6049
420.8238 1.5979
436.6325 1.5918
454.3420 1.5866
472.6844 1.5814
488.5032 1.5796
507.4765 1.5735
525.8268 1.5718
544.8141 1.5717
559.3670 1.5700
577.7193 1.5691
597.9664 1.5664
618.2195 1.5664
632.7684 1.5629
653.6564 1.5637
668.8442 1.5628
680.2306 1.5602
696.0513 1.5593
800.0000 1.5500
1000.000 1.5450